Number of chains = 3 
Number of iterations = 1000 per chain before discarding the burn-in period
Burn-in period = 100 per chain
Sample size in total = 2703 

****************** The Geweke diagnostic: ******************
Windows:
           chain 1 chain 2 chain 3
From start     0.1  0.9121  0.1268
From stop      0.5  0.0692  0.5332

Z-scores:
          chain 1   chain 2   chain 3
a[1]     0.527783 -0.983901  1.149099
a[2]    -1.580924  1.123284  0.121750
a[3]    -0.529940  0.471897  2.407675
a[4]    -0.542598 -0.739043  0.131024
a[5]    -2.282141  0.740822 -0.702241
a[6]     1.980627 -0.325327 -0.281146
a[7]     1.841605 -0.621585 -1.730816
a[8]    -1.419151  0.297428 -0.700857
a[9]     0.164875  0.673262 -0.425101
a[10]   -0.716294  0.756872 -1.050651
a[11]   -2.398831  0.283457 -0.643166
a[12]    0.593325 -1.315008  0.373699
a[13]    0.486988 -0.335577 -0.100991
a[14]   -0.904697  0.185679 -0.505132
a[15]   -1.443687 -0.190682 -0.472017
a[16]    0.165543 -0.783961 -0.219913
a[17]    0.094182 -0.280566 -0.806439
a[18]   -1.597483 -0.608613  1.616899
a[19]    0.101734 -0.539803 -1.510275
a[20]    1.960201  0.465522 -0.483295
a[21]    0.393469 -0.100330  2.074289
a[22]    0.701196  2.187336  0.773534
a[23]    1.048152  1.965564 -0.354965
a[24]   -1.812946  0.254757 -0.619080
a[25]    1.105485  0.570095 -0.283680
a[26]    1.000454 -0.481430 -0.738295
a[27]   -0.958204  0.715570 -0.587227
a[28]   -1.673413 -0.113710 -1.292066
a[29]   -0.250377  0.324760  2.282071
a[30]    0.085059  0.278700 -0.147616
a[31]    1.176616  0.258690 -0.455525
a[32]   -1.364065  0.790994 -0.318997
a[33]   -1.385806 -0.419242 -0.824926
a[34]   -1.049978 -0.633707 -0.995946
a[35]    1.184371 -1.411636  0.864081
a[36]   -1.393172 -0.116801  0.304513
a[37]   -1.187304  0.389588  0.444780
a[38]   -0.960781 -1.046405 -0.835756
a[39]    0.635230 -0.651515  0.167003
a[40]    0.788699 -0.819147 -0.698564
a[41]   -0.197849 -0.189028  0.210619
a[42]    0.448313 -0.634781 -1.066928
a[43]   -0.111977 -1.895861 -1.238854
a[44]    1.221073  0.234518 -0.943681
a[45]    0.691378 -0.475758  0.649416
a[46]   -1.441060  1.868675 -0.734568
a[47]   -0.332091 -2.392944  1.262357
a[48]   -1.272118  0.005147 -0.199534
a[49]   -0.295598 -3.867909 -2.782913
a[50]   -1.352210 -1.193017  1.409406
a[51]    1.358891 -0.484529 -0.737183
a[52]   -0.929834  0.496396  0.894008
a[53]    0.142972 -2.015688  0.330963
a[54]   -0.247320  1.180259 -1.037007
a[55]    1.038547  0.279697  0.186956
a[56]   -0.218241  0.324666 -0.366002
a[57]    0.357375 -0.451735  0.261648
a[58]    0.418846 -0.141884  1.724370
a[59]    1.573290  1.284891  2.101720
a[60]    1.827192 -2.260913  1.367103
a[61]    0.724766 -0.367980  0.166656
a[62]    0.182535 -0.318146 -1.086001
a[63]   -0.595159  0.386123 -0.121070
a[64]   -0.003591 -0.358421 -0.542289
a[65]   -1.915660  0.520535 -0.633923
a[66]   -0.497734 -0.374516 -0.174588
a[67]    0.426433 -1.915410 -0.873093
a[68]    0.039833  0.323424  0.559522
a[69]   -3.102224  0.092811 -0.645925
a[70]   -0.521310 -0.359037 -1.075811
a[71]   -2.385399  0.575034 -0.144190
a[72]   -0.204527  1.487974 -0.247637
a[73]   -0.578065  0.355272 -0.958661
a[74]   -0.178386 -0.264200 -0.322080
a[75]    0.655402  2.295625  0.124438
a[76]    1.573524 -0.641727  1.035830
a[77]   -1.905151  1.079778  0.241679
a[78]    3.268990  0.339131  1.029923
a[79]    1.445526  0.043935  0.247137
a[80]    0.714729 -2.168725  0.627366
a[81]   -0.517475 -1.081627  0.817506
a[82]    1.564275 -0.461829 -1.284814
a[83]   -0.907765 -1.945304 -0.486370
a[84]   -0.815116 -1.058813  0.445336
a[85]    0.007599  0.015338 -1.478556
a[86]   -0.134230  0.999218 -0.074679
a[87]    0.479922 -2.110954 -0.136624
a[88]    0.656063 -1.223606  0.530241
a[89]    0.563924  0.246263 -0.164816
a[90]   -0.730152 -0.501988 -0.500791
a[91]    0.501576  1.039743  1.836116
a[92]    0.868981  1.153735  0.730655
a[93]   -0.969049 -0.078624 -0.785008
a[94]   -0.558368  0.727947  0.459444
a[95]    1.196105 -0.431691  0.217743
a[96]    0.763507  1.005347  0.365561
a[97]    0.477053 -0.543743 -0.228429
a[98]    0.057374  0.586676 -0.050822
a[99]    0.905978  0.334033 -0.624025
a[100]   0.911146 -0.837215  0.401644
a[101]   1.425811  1.630243  1.735248
a[102]   1.309900 -0.438302  0.673123
a[103]  -0.185023 -1.569185 -0.562263
a[104]  -0.576823 -2.037375 -0.461143
a[105]  -0.687769  0.003426 -0.291399
a[106]   0.870250 -1.114868 -0.917618
a[107]  -0.502803 -0.406071  0.566798
a[108]   0.435957  0.649288  0.426803
a[109]  -0.920962  0.539401 -0.310015
a[110]   1.588103 -0.339287 -1.397191
a[111]   0.664252  0.456136  0.681291
a[112]   0.194044 -2.197905  1.063078
a[113]   0.523580 -0.904571 -2.112347
a[114]  -0.297577 -1.437317 -0.291340
a[115]   0.154045 -0.879462  1.187051
a[116]  -0.505159 -1.140232  0.779958
a[117]  -0.548465 -1.489132 -0.879501
a[118]   1.929563 -1.214133  2.278513
a[119]   2.041192 -0.845908 -0.860170
a[120]   1.857502  0.454226 -0.631780
a[121]  -0.813324 -0.297899 -0.392884
a[122]  -1.169063  0.156763  0.514679
a[123]  -0.626779  0.204004 -0.225207
a[124]   0.134446  1.592134  1.290469
a[125]  -1.735889  0.644777 -1.079545
a[126]   0.884416  0.679660 -0.088883
a[127]  -0.639398 -0.414662  1.689596
a[128]  -0.075253 -0.138493 -0.348717
a[129]  -0.819335  1.227736  0.200914
a[130]  -1.277784 -0.048092  0.988156
a[131]  -0.643107  1.033553  1.111666
a[132]   0.571864 -1.458209 -1.106377
a[133]   0.608127  1.041810 -0.366506
a[134]   0.759684  0.089425 -1.000574
a[135]  -1.609892 -1.073231 -0.805146
a[136]   0.128173  1.003863 -1.601005
a[137]  -0.271978  0.850924  0.777553
a[138]  -2.441113  0.772811  0.789163
a[139]  -0.132235 -2.449619  1.310448
a[140]  -0.925551  1.420282  0.334745
a[141]  -1.484125  0.846579  2.902814
a[142]  -1.072668  0.678973  0.402231
a[143]   1.940380 -1.517199 -0.645397
a[144]  -0.815033 -0.710026 -0.980100
a[145]  -1.516172  0.419207 -0.191903
a[146]  -2.465203  0.498354  1.423145
a[147]   0.288039 -0.682696 -1.943851
a[148]  -2.408598 -1.148983  0.779590
a[149]   0.669294  0.825625 -1.380469
a[150]  -0.411340  0.511470  0.283458
a[151]   0.081526  0.484005 -0.493481
a[152]  -0.854816  0.413426 -0.355681
a[153]  -0.243158  0.599866  0.699792
a[154]  -1.251613 -0.809752  0.036247
a[155]   0.394831 -0.419423 -1.641742
a[156]  -0.135405 -0.117490  1.865143
a[157]   2.735148  1.080914  1.379465
a[158]   1.645611  0.315043  0.180339
a[159]   0.956819  1.241931 -0.874365
a[160]   1.654328  0.154129  1.134679
a[161]  -0.337234 -0.109324  2.418133
a[162]   0.436964  0.052821 -1.335978
a[163]   0.006582 -1.185615 -1.517011
a[164]   0.566834 -1.004021  0.702817
a[165]  -1.119483  0.108993 -0.593993
a[166]  -0.694342 -0.696381 -0.131814
a[167]   0.345115 -2.150050 -0.276373
a[168]  -0.159579 -0.764654 -1.187909
a[169]  -1.408467 -0.403539  0.435585
a[170]  -0.351334 -0.461023  0.799391
a[171]   0.085817  0.070788  1.125008
a[172]  -1.440312 -0.373710 -0.936837
a[173]   0.436418  0.056221 -0.183413
a[174]   0.299802 -0.028227  1.251246
a[175]   0.072069  1.430309 -0.501894
a[176]   0.134717  1.104025  1.014743
a[177]   0.700223  1.927381 -0.614895
a[178]  -1.940460 -0.528288 -0.046360
a[179]   0.065342 -0.284079  0.389819
a[180]   0.407173  1.757937  0.282757
a[181]  -0.169036 -0.643002  0.857328
a[182]  -0.423683 -0.104498 -1.032130
a[183]  -0.205372  0.925452  1.021956
a[184]  -0.996322  1.158887 -1.126996
a[185]  -2.810785  0.222464 -1.785708
a[186]  -1.049381 -0.954715  1.128041
a[187]  -0.887828  0.197341 -1.011568
a[188]   1.503876  0.195859  0.528007
a[189]  -0.939857  0.803103 -0.277498
a[190]  -0.637156 -1.133438  0.951363
a[191]   0.392112  1.446963 -1.213837
a[192]  -0.099530 -0.245181 -0.646531
a[193]  -1.068421  0.317733  0.111870
a[194]  -0.704280  0.259484  0.868357
a[195]  -0.917893  0.262267 -1.053087
a[196]  -0.947239 -1.906029 -0.245867
a[197]  -0.065947 -1.263707  0.754390
a[198]   1.449244 -0.808995 -1.396464
a[199]  -0.208675  0.742883 -0.708660
a[200]  -1.998528  0.074602 -0.868964
a[201]  -0.343752  0.166299  0.839435
a[202]   1.613565  0.169977 -0.980017
a[203]  -0.884876  0.631305  0.408390
a[204]  -2.807458 -0.166854 -1.654631
a[205]  -0.756873  0.882006 -0.009981
a[206]  -0.062264 -0.737055  0.350836
a[207]  -0.827508  1.817945  0.926776
a[208]   0.023537 -0.085241  1.179951
a[209]  -0.217998 -1.878453 -0.489104
a[210]  -0.416616 -0.005089  0.120902
a[211]  -0.431904 -0.175518  0.761720
a[212]   1.320400 -0.399569 -0.421705
a[213]  -0.485023  0.377333  1.368080
a[214]  -0.747372  0.776082 -0.173830
a[215]   0.335881  1.082087 -0.168576
a[216]  -1.431618  1.147189 -2.110851
a[217]  -1.012486 -0.507088 -0.424739
a[218]  -1.885486  0.109664 -0.520770
a[219]   1.065297 -0.653713 -0.377336
a[220]  -0.689369  2.530902 -0.649524
a[221]   0.051193 -1.271066 -0.304472
a[222]   1.540181  1.946362 -0.327273
a[223]  -0.235884 -0.701348 -1.323246
a[224]  -1.038166  1.852145 -1.307866
a[225]  -0.234376  1.154238  0.110550
a[226]   0.007570 -0.384984 -1.233220
a[227]  -1.166011 -0.607796  0.307523
a[228]  -0.966524  1.055305 -1.141553
a[229]  -1.039804 -0.511353 -0.013208
a[230]   0.629007 -0.258306  1.721429
a[231]   0.959532 -1.377773  0.705886
a[232]   0.071288  1.498706  1.711949
a[233]   1.071326 -0.703952  0.467505
a[234]  -0.762179 -0.852829  0.951283
a[235]   1.870655  0.676461 -0.091846
a[236]  -0.260691  1.224272  1.765626
a[237]  -0.704081  0.618794  0.970659
a[238]   0.451531  1.098276 -1.457905
a[239]   0.145120  0.746692 -1.368376
a[240]   0.309036 -0.573484 -0.196492
a[241]  -0.146626  0.953172  1.901348
a[242]  -1.244505  0.559498  0.646754
a[243]   1.646560 -1.742326  0.222246
a[244]  -0.133128 -0.008642  1.739098
a[245]   1.317924 -1.009543  0.640134
a[246]   1.691211  0.784351  0.757764
a[247]  -0.090811  0.653847  0.395091
a[248]  -0.548410  1.542884  0.130347
a[249]   1.059765 -1.192256  0.801344
a[250]   0.615071  0.311756 -0.235667
a[251]   0.656494  0.038474  1.223573
a[252]  -0.242201 -0.852947 -0.162790
a[253]   2.033341 -0.089295 -0.001765
a[254]  -2.034148 -0.707271 -0.541524
a[255]   0.011364 -0.167934  0.153739
a[256]  -0.849870 -0.520861 -0.301017
a[257]  -0.162117 -0.138780 -0.209203
a[258]   1.163051 -1.761722 -1.077839
a[259]   1.097291 -0.532370 -0.368330
a[260]   2.491448 -1.440017 -0.118309
a[261]  -0.034584 -1.158175  1.355338
a[262]   0.445679  0.474531  1.076110
a[263]   0.168953  0.204316  0.384568
a[264]   0.038622 -1.515427 -0.230956
a[265]   0.361575 -0.402017 -0.195595
a[266]   0.602677 -0.419998  0.740936
a[267]   1.542797 -0.558703  1.850656
a[268]  -0.395935 -0.663905  1.408144
a[269]  -1.162718  1.215505  0.709771
a[270]  -0.048254  0.902833 -0.057316
a[271]  -0.185860  0.099113 -0.013625
a[272]  -0.995457 -1.675013  0.034630
a[273]   0.828062  1.520585 -0.586483
a[274]   0.956165 -1.981967 -0.405482
a[275]   2.025930  0.209547  1.359369
a[276]  -0.110041  0.918910 -1.022781
a[277]   0.128493 -0.908585  0.376061
a[278]  -0.438393 -0.522109  0.372030
a[279]   1.745979 -1.342196  1.820793
a[280]   0.584010  0.224527 -0.576412
a[281]   1.139485  0.567457  0.045191
a[282]  -0.943980 -0.380313 -0.581411
a[283]  -0.882714 -1.193380 -0.493358
a[284]   0.093641 -0.850994 -0.630067
a[285]  -0.777964 -2.821008  0.387639
a[286]  -0.530250  2.301596 -0.224607
a[287]  -0.906961  2.142074 -1.011872
a[288]   1.160347  1.062427  0.295003
a[289]  -0.781270 -1.871199 -0.795624
a[290]  -0.626171 -1.921376  1.110815
a[291]  -0.144486  0.918814  1.734341
a[292]  -1.166733 -0.017743 -0.957513
a[293]   0.431593 -1.001816 -0.355096
a[294]  -0.137628  0.970632 -0.358547
a[295]  -1.587850  0.473091 -2.444343
a[296]   2.600568 -0.716677  0.713364
a[297]   0.235981  0.248873  0.252035
a[298]  -0.096181 -0.070620 -0.375313
a[299]  -2.144591 -0.385729 -1.126691
a[300]  -0.478071 -1.338934 -0.352952
a[301]  -0.967682 -0.807894  0.070692
a[302]  -1.320845  0.563547  0.323187
a[303]  -0.942349  1.642809 -0.158056
a[304]   1.968179 -0.040468  0.685348
a[305]  -1.005022 -1.635171 -1.031863
a[306]  -1.486983 -0.156491  0.280160
a[307]  -0.597733 -0.246849 -0.751642
a[308]   0.495434 -0.521750  0.968769
a[309]  -0.934567  0.048663 -0.423478
a[310]   0.226177 -0.685986 -1.752495
a[311]  -0.398714 -0.705154 -0.851730
a[312]   0.406723 -0.892524 -0.136829
a[313]  -0.120185  0.377795 -0.427523
a[314]  -1.248571 -1.052302 -0.012450
a[315]  -0.845748  1.260611 -0.142680
a[316]   0.531099 -0.004436 -0.386081
a[317]   0.254469 -0.032980 -0.661893
a[318]   1.402973  1.231706 -0.853123
a[319]   1.265026  1.011417  0.471869
a[320]   0.130250 -0.040720 -3.461459
a[321]   0.892889 -0.421534 -0.350183
a[322]  -1.017602 -2.216880  1.093082
a[323]   0.635470 -0.061101 -0.554599
a[324]   0.521375 -0.906302  0.467217
a[325]   0.539703 -1.298079  0.551141
a[326]  -0.011412  0.756853 -0.975552
a[327]   0.847601 -0.401189 -0.406561
a[328]   1.447811 -0.781939  1.472371
a[329]  -2.046940  0.507957  0.875063
a[330]  -0.674549 -2.279479  0.168026
a[331]  -0.937603 -0.641399 -0.067837
a[332]  -0.754873  0.334546  0.521389
a[333]   0.011549 -0.475964  0.818295
 [ reached getOption("max.print") -- omitted 797 rows ]

*************** The Gelman-Rubin diagnostic: ***************
Potential scale reduction factors:
        Point est. Upper C.I.
a[1]        0.9993     0.9995
a[2]        1.0024     1.0078
a[3]        1.0021     1.0068
a[4]        1.0004     1.0022
a[5]        1.0005     1.0043
a[6]        1.0026     1.0075
a[7]        0.9998     1.0014
a[8]        1.0002     1.0015
a[9]        1.0001     1.0029
a[10]       0.9998     1.0018
a[11]       1.0023     1.0084
a[12]       1.0006     1.0023
a[13]       1.0014     1.0041
a[14]       1.0001     1.0029
a[15]       1.0006     1.0034
a[16]       1.0022     1.0099
a[17]       0.9999     1.0023
a[18]       1.0049     1.0204
a[19]       1.0003     1.0016
a[20]       1.0010     1.0049
a[21]       1.0007     1.0023
a[22]       1.0016     1.0034
a[23]       1.0013     1.0064
a[24]       1.0002     1.0007
a[25]       1.0005     1.0044
a[26]       1.0032     1.0095
a[27]       0.9993     0.9994
a[28]       1.0004     1.0028
a[29]       1.0045     1.0178
a[30]       1.0001     1.0003
a[31]       0.9991     0.9992
a[32]       0.9997     1.0008
a[33]       1.0001     1.0032
a[34]       0.9992     0.9994
a[35]       1.0016     1.0076
a[36]       1.0000     1.0022
a[37]       1.0021     1.0064
a[38]       0.9998     1.0004
a[39]       1.0017     1.0084
a[40]       1.0006     1.0042
a[41]       1.0008     1.0047
a[42]       1.0005     1.0029
a[43]       0.9993     0.9995
a[44]       1.0028     1.0109
a[45]       1.0007     1.0045
a[46]       1.0002     1.0030
a[47]       1.0003     1.0034
a[48]       0.9996     1.0000
a[49]       1.0009     1.0010
a[50]       0.9996     1.0011
a[51]       1.0007     1.0048
a[52]       0.9999     1.0005
a[53]       1.0022     1.0077
a[54]       0.9998     1.0011
a[55]       1.0022     1.0101
a[56]       1.0011     1.0046
a[57]       1.0016     1.0080
a[58]       0.9994     1.0000
a[59]       1.0004     1.0012
a[60]       1.0027     1.0123
a[61]       1.0000     1.0024
a[62]       0.9992     0.9993
a[63]       0.9992     0.9992
a[64]       1.0013     1.0071
a[65]       0.9996     0.9997
a[66]       1.0036     1.0127
a[67]       1.0023     1.0084
a[68]       0.9997     1.0000
a[69]       1.0005     1.0040
a[70]       1.0010     1.0033
a[71]       1.0036     1.0109
a[72]       1.0025     1.0079
a[73]       1.0009     1.0010
a[74]       1.0037     1.0158
a[75]       1.0006     1.0048
a[76]       1.0087     1.0309
a[77]       0.9998     1.0000
a[78]       1.0063     1.0247
a[79]       0.9997     1.0002
a[80]       1.0009     1.0028
a[81]       1.0014     1.0054
a[82]       1.0018     1.0073
a[83]       1.0018     1.0073
a[84]       1.0018     1.0090
a[85]       1.0008     1.0035
a[86]       1.0015     1.0067
a[87]       1.0005     1.0032
a[88]       1.0014     1.0040
a[89]       1.0011     1.0025
a[90]       1.0004     1.0022
a[91]       1.0007     1.0045
a[92]       0.9996     1.0008
a[93]       1.0018     1.0085
a[94]       0.9993     0.9994
a[95]       1.0018     1.0072
a[96]       1.0009     1.0040
a[97]       1.0000     1.0010
a[98]       1.0005     1.0037
a[99]       0.9998     1.0011
a[100]      1.0007     1.0014
a[101]      1.0022     1.0053
a[102]      1.0024     1.0107
a[103]      0.9997     1.0009
a[104]      1.0002     1.0031
a[105]      1.0026     1.0111
a[106]      1.0001     1.0024
a[107]      1.0001     1.0021
a[108]      1.0004     1.0032
a[109]      0.9993     1.0000
a[110]      1.0024     1.0097
a[111]      0.9993     0.9998
a[112]      1.0058     1.0217
a[113]      0.9995     0.9995
a[114]      1.0006     1.0035
a[115]      1.0005     1.0038
a[116]      1.0003     1.0032
a[117]      0.9998     1.0018
a[118]      1.0004     1.0028
a[119]      0.9992     0.9995
a[120]      1.0003     1.0035
a[121]      0.9996     0.9997
a[122]      1.0001     1.0025
a[123]      0.9995     1.0005
a[124]      1.0000     1.0017
a[125]      0.9999     1.0022
a[126]      1.0001     1.0010
a[127]      1.0008     1.0041
a[128]      1.0001     1.0009
a[129]      1.0007     1.0009
a[130]      1.0038     1.0139
a[131]      1.0018     1.0049
a[132]      0.9998     0.9998
a[133]      1.0011     1.0033
a[134]      0.9993     0.9994
a[135]      1.0010     1.0057
a[136]      1.0045     1.0148
a[137]      0.9997     1.0008
a[138]      1.0001     1.0007
a[139]      1.0007     1.0032
a[140]      1.0020     1.0089
a[141]      1.0033     1.0141
a[142]      0.9995     1.0008
a[143]      1.0010     1.0039
a[144]      0.9997     1.0015
a[145]      0.9995     1.0004
a[146]      1.0011     1.0030
a[147]      1.0001     1.0007
a[148]      1.0041     1.0157
a[149]      0.9998     1.0015
a[150]      1.0001     1.0029
a[151]      1.0016     1.0081
a[152]      1.0032     1.0100
a[153]      1.0000     1.0012
a[154]      1.0022     1.0081
a[155]      1.0012     1.0036
a[156]      1.0030     1.0100
a[157]      1.0028     1.0127
a[158]      1.0005     1.0042
a[159]      1.0012     1.0040
a[160]      1.0021     1.0054
a[161]      1.0009     1.0040
a[162]      1.0017     1.0071
a[163]      1.0003     1.0014
a[164]      0.9998     1.0012
a[165]      1.0000     1.0013
a[166]      0.9999     1.0004
a[167]      1.0043     1.0171
a[168]      1.0005     1.0018
a[169]      0.9996     1.0004
a[170]      1.0016     1.0071
a[171]      0.9994     0.9996
a[172]      0.9994     1.0003
a[173]      1.0062     1.0222
a[174]      0.9995     1.0004
a[175]      1.0020     1.0077
a[176]      1.0020     1.0064
a[177]      1.0011     1.0060
a[178]      0.9997     1.0016
a[179]      1.0010     1.0054
a[180]      1.0015     1.0063
a[181]      1.0010     1.0061
a[182]      1.0032     1.0120
a[183]      1.0021     1.0097
a[184]      1.0015     1.0075
a[185]      1.0033     1.0124
a[186]      1.0010     1.0036
a[187]      1.0008     1.0029
a[188]      1.0025     1.0110
a[189]      1.0042     1.0123
a[190]      1.0030     1.0114
a[191]      0.9995     1.0000
a[192]      1.0003     1.0033
a[193]      0.9993     1.0000
a[194]      0.9995     0.9996
a[195]      1.0020     1.0055
a[196]      1.0005     1.0039
a[197]      1.0023     1.0058
a[198]      0.9994     1.0003
a[199]      1.0032     1.0133
a[200]      1.0013     1.0051
a[201]      0.9999     1.0004
a[202]      1.0014     1.0035
a[203]      1.0009     1.0023
a[204]      1.0016     1.0058
a[205]      1.0006     1.0045
a[206]      0.9993     0.9998
a[207]      1.0011     1.0059
a[208]      1.0032     1.0131
a[209]      0.9995     0.9999
a[210]      1.0005     1.0020
a[211]      0.9998     1.0006
a[212]      1.0021     1.0056
a[213]      0.9996     1.0003
a[214]      1.0002     1.0029
a[215]      0.9998     1.0012
a[216]      1.0003     1.0032
a[217]      1.0021     1.0065
a[218]      0.9995     0.9997
a[219]      1.0005     1.0033
a[220]      0.9990     0.9990
a[221]      1.0002     1.0004
a[222]      1.0016     1.0058
a[223]      1.0019     1.0082
a[224]      1.0048     1.0145
a[225]      0.9994     0.9994
a[226]      1.0026     1.0103
a[227]      1.0021     1.0090
a[228]      1.0004     1.0040
a[229]      0.9999     1.0005
a[230]      1.0028     1.0129
a[231]      1.0042     1.0150
a[232]      0.9997     1.0009
a[233]      1.0011     1.0045
a[234]      1.0037     1.0156
a[235]      0.9998     1.0019
a[236]      1.0004     1.0028
a[237]      1.0013     1.0074
a[238]      1.0003     1.0011
a[239]      1.0000     1.0017
a[240]      1.0037     1.0105
a[241]      0.9999     1.0017
a[242]      1.0009     1.0058
a[243]      1.0025     1.0069
a[244]      1.0001     1.0011
a[245]      1.0030     1.0101
a[246]      0.9994     1.0002
a[247]      1.0012     1.0053
a[248]      1.0016     1.0069
a[249]      1.0015     1.0077
a[250]      1.0015     1.0057
a[251]      1.0000     1.0021
a[252]      0.9998     1.0004
a[253]      0.9994     0.9995
a[254]      1.0008     1.0039
a[255]      1.0012     1.0069
a[256]      1.0033     1.0139
a[257]      1.0029     1.0095
a[258]      1.0017     1.0031
a[259]      1.0036     1.0132
a[260]      1.0005     1.0011
a[261]      1.0011     1.0033
a[262]      0.9992     0.9994
a[263]      0.9996     0.9996
a[264]      1.0006     1.0043
a[265]      1.0008     1.0057
a[266]      1.0005     1.0021
a[267]      1.0004     1.0030
a[268]      1.0008     1.0009
a[269]      1.0057     1.0171
a[270]      1.0014     1.0069
a[271]      0.9994     0.9994
a[272]      0.9993     0.9997
a[273]      1.0008     1.0016
a[274]      1.0041     1.0173
a[275]      1.0002     1.0032
a[276]      1.0034     1.0067
a[277]      1.0000     1.0019
a[278]      1.0010     1.0045
a[279]      1.0005     1.0044
a[280]      1.0031     1.0085
a[281]      1.0015     1.0077
a[282]      1.0005     1.0018
a[283]      1.0008     1.0039
a[284]      1.0022     1.0092
a[285]      1.0007     1.0046
a[286]      1.0009     1.0054
a[287]      1.0001     1.0007
a[288]      1.0001     1.0001
a[289]      1.0013     1.0068
a[290]      0.9997     1.0009
a[291]      1.0025     1.0088
a[292]      1.0006     1.0014
a[293]      1.0018     1.0091
a[294]      0.9999     1.0017
a[295]      0.9996     0.9997
a[296]      0.9997     1.0011
a[297]      1.0000     1.0015
a[298]      1.0010     1.0049
a[299]      1.0052     1.0198
a[300]      0.9992     0.9997
a[301]      1.0003     1.0024
a[302]      1.0009     1.0029
a[303]      1.0011     1.0032
a[304]      1.0017     1.0076
a[305]      1.0009     1.0051
a[306]      1.0029     1.0129
a[307]      0.9993     0.9996
a[308]      1.0050     1.0180
a[309]      1.0008     1.0009
a[310]      1.0000     1.0004
a[311]      0.9993     0.9994
a[312]      0.9998     1.0013
a[313]      1.0006     1.0033
a[314]      0.9995     1.0003
a[315]      1.0028     1.0069
a[316]      1.0005     1.0032
a[317]      0.9994     0.9998
a[318]      0.9999     1.0011
a[319]      1.0011     1.0023
a[320]      1.0013     1.0015
a[321]      0.9998     1.0017
a[322]      0.9997     1.0009
a[323]      1.0013     1.0042
a[324]      1.0010     1.0021
a[325]      1.0004     1.0040
a[326]      0.9993     0.9997
a[327]      0.9994     1.0001
a[328]      1.0025     1.0106
a[329]      1.0000     1.0026
a[330]      1.0013     1.0062
a[331]      1.0024     1.0106
a[332]      1.0024     1.0102
a[333]      0.9995     1.0001
a[334]      1.0000     1.0003
a[335]      0.9998     1.0003
a[336]      1.0005     1.0044
a[337]      0.9991     0.9992
a[338]      1.0015     1.0079
a[339]      1.0019     1.0090
a[340]      1.0012     1.0064
a[341]      1.0008     1.0042
a[342]      1.0020     1.0055
a[343]      0.9994     1.0005
a[344]      1.0032     1.0117
a[345]      1.0002     1.0026
a[346]      0.9998     1.0001
a[347]      1.0040     1.0147
a[348]      1.0010     1.0062
a[349]      1.0002     1.0012
a[350]      0.9996     0.9998
a[351]      1.0010     1.0060
a[352]      1.0003     1.0008
a[353]      1.0031     1.0134
a[354]      0.9992     0.9994
a[355]      0.9997     1.0013
a[356]      1.0000     1.0021
a[357]      1.0000     1.0003
a[358]      1.0001     1.0021
a[359]      0.9997     1.0006
a[360]      1.0002     1.0014
a[361]      1.0010     1.0057
a[362]      1.0004     1.0009
a[363]      1.0006     1.0036
a[364]      0.9998     1.0010
a[365]      0.9992     0.9992
a[366]      1.0030     1.0074
a[367]      1.0018     1.0034
a[368]      1.0011     1.0037
a[369]      1.0001     1.0014
a[370]      1.0002     1.0005
a[371]      1.0006     1.0048
a[372]      1.0045     1.0181
a[373]      1.0003     1.0030
a[374]      1.0000     1.0010
a[375]      1.0023     1.0056
a[376]      1.0021     1.0057
a[377]      0.9995     1.0001
a[378]      1.0065     1.0208
a[379]      1.0006     1.0044
a[380]      1.0025     1.0114
a[381]      0.9992     0.9996
a[382]      0.9993     0.9999
a[383]      1.0039     1.0158
a[384]      1.0013     1.0066
a[385]      1.0030     1.0104
a[386]      0.9996     1.0006
a[387]      1.0001     1.0011
a[388]      0.9997     1.0011
a[389]      0.9998     1.0007
a[390]      1.0021     1.0096
a[391]      1.0010     1.0055
a[392]      1.0012     1.0052
a[393]      1.0011     1.0052
a[394]      1.0033     1.0136
a[395]      1.0013     1.0067
a[396]      1.0003     1.0034
a[397]      1.0009     1.0035
a[398]      0.9993     0.9996
a[399]      0.9995     1.0002
a[400]      0.9999     1.0012
a[401]      1.0000     1.0024
a[402]      1.0021     1.0040
a[403]      1.0003     1.0016
a[404]      0.9994     1.0002
a[405]      0.9999     1.0012
a[406]      1.0002     1.0031
a[407]      1.0017     1.0078
a[408]      1.0016     1.0068
a[409]      1.0003     1.0034
a[410]      1.0005     1.0036
a[411]      1.0004     1.0023
a[412]      1.0003     1.0039
a[413]      1.0022     1.0062
a[414]      1.0006     1.0047
a[415]      0.9998     1.0014
a[416]      1.0044     1.0138
a[417]      0.9999     1.0021
a[418]      1.0032     1.0119
a[419]      1.0025     1.0075
a[420]      1.0004     1.0036
a[421]      1.0014     1.0067
a[422]      1.0010     1.0055
a[423]      1.0000     1.0000
a[424]      1.0011     1.0054
a[425]      0.9996     0.9998
a[426]      0.9995     1.0005
a[427]      1.0009     1.0048
a[428]      1.0004     1.0027
a[429]      1.0001     1.0024
a[430]      1.0002     1.0021
a[431]      0.9995     1.0004
a[432]      0.9997     1.0005
a[433]      1.0000     1.0005
a[434]      0.9992     0.9992
a[435]      1.0027     1.0052
a[436]      1.0031     1.0133
a[437]      1.0004     1.0035
a[438]      1.0000     1.0009
a[439]      1.0016     1.0037
a[440]      1.0046     1.0126
a[441]      1.0036     1.0140
a[442]      0.9993     1.0000
a[443]      0.9998     0.9999
a[444]      0.9997     1.0009
a[445]      1.0018     1.0041
a[446]      0.9997     1.0007
a[447]      1.0051     1.0178
a[448]      1.0019     1.0041
a[449]      0.9997     1.0008
a[450]      0.9995     1.0010
a[451]      1.0013     1.0025
a[452]      1.0006     1.0034
a[453]      1.0002     1.0023
a[454]      1.0000     1.0006
a[455]      1.0017     1.0033
a[456]      1.0006     1.0041
a[457]      1.0024     1.0071
a[458]      0.9998     1.0017
a[459]      0.9998     1.0016
a[460]      1.0006     1.0021
a[461]      1.0010     1.0060
a[462]      1.0000     1.0006
a[463]      1.0005     1.0038
a[464]      0.9994     0.9995
a[465]      1.0012     1.0058
a[466]      1.0006     1.0021
a[467]      1.0013     1.0068
a[468]      0.9996     1.0002
a[469]      0.9998     1.0018
a[470]      0.9996     1.0013
a[471]      1.0010     1.0037
a[472]      1.0010     1.0057
a[473]      1.0003     1.0025
a[474]      1.0022     1.0105
a[475]      1.0011     1.0026
a[476]      0.9994     1.0002
a[477]      1.0015     1.0044
a[478]      1.0024     1.0107
a[479]      0.9995     0.9997
a[480]      1.0047     1.0136
a[481]      1.0012     1.0068
a[482]      0.9992     0.9994
a[483]      1.0003     1.0025
a[484]      1.0005     1.0008
a[485]      1.0026     1.0102
a[486]      1.0024     1.0032
a[487]      0.9999     1.0013
a[488]      1.0008     1.0048
a[489]      1.0024     1.0091
a[490]      1.0019     1.0074
a[491]      1.0026     1.0104
a[492]      1.0010     1.0040
a[493]      1.0009     1.0058
a[494]      1.0006     1.0014
a[495]      1.0037     1.0095
a[496]      1.0015     1.0046
a[497]      1.0023     1.0082
a[498]      1.0017     1.0088
a[499]      0.9994     1.0001
a[500]      0.9996     0.9999
 [ reached getOption("max.print") -- omitted 630 rows ]

Multivariate psrf: 2.4699

************* The Heidelberger-Welch diagnostic ************
Chain 1:
epsilon=0.1, alpha=0.05[1] "Error in if (converged <- !is.na(I) && pcramer(I) < 1 - pvalue) break : \n  missing value where TRUE/FALSE needed\n"
attr(,"class")
[1] "try-error"
attr(,"condition")
<simpleError in if (converged <- !is.na(I) && pcramer(I) < 1 - pvalue) break: missing value where TRUE/FALSE needed>

Chain 2:
epsilon=0.138, alpha=0.01[1] "Error in if (converged <- !is.na(I) && pcramer(I) < 1 - pvalue) break : \n  missing value where TRUE/FALSE needed\n"
attr(,"class")
[1] "try-error"
attr(,"condition")
<simpleError in if (converged <- !is.na(I) && pcramer(I) < 1 - pvalue) break: missing value where TRUE/FALSE needed>

Chain 3:
epsilon=0.062, alpha=0.01[1] "Error in if (converged <- !is.na(I) && pcramer(I) < 1 - pvalue) break : \n  missing value where TRUE/FALSE needed\n"
attr(,"class")
[1] "try-error"
attr(,"condition")
<simpleError in if (converged <- !is.na(I) && pcramer(I) < 1 - pvalue) break: missing value where TRUE/FALSE needed>

*************** The Raftery-Lewis diagnostic ***************
Chain 1:
Convergence eps = 0.001
Quantile (q) = 0.025
Accuracy (r) = +/- 0.005
Probability (s) = 0.95 

You need a sample size of at least 3746 with these values of q, r and s

Chain 2:
Convergence eps = 0.005
Quantile (q) = 0.25
Accuracy (r) = +/- 0.001
Probability (s) = 0.999 

You need a sample size of at least 2030169 with these values of q, r and s

Chain 3:
Convergence eps = 0.001
Quantile (q) = 0.001
Accuracy (r) = +/- 0.0025
Probability (s) = 0.99 

You need a sample size of at least 1061 with these values of q, r and s

************* The Hellinger distance diagnostic ************
Between chains: 
            Min     Max
a[1]    0.03648 0.04954
a[2]    0.03903 0.05863
a[3]    0.04864 0.05511
a[4]    0.04477 0.06609
a[5]    0.02823 0.04266
a[6]    0.04313 0.05515
a[7]    0.04057 0.05541
a[8]    0.03533 0.04511
a[9]    0.04847 0.06406
a[10]   0.02491 0.03691
a[11]   0.04896 0.06621
a[12]   0.03260 0.04062
a[13]   0.03079 0.04268
a[14]   0.03094 0.05701
a[15]   0.03786 0.04645
a[16]   0.04288 0.06341
a[17]   0.03755 0.04396
a[18]   0.04427 0.06147
a[19]   0.03831 0.05048
a[20]   0.03540 0.06423
a[21]   0.02938 0.04966
a[22]   0.04757 0.05305
a[23]   0.02608 0.03923
a[24]   0.04391 0.05027
a[25]   0.03476 0.04426
a[26]   0.04087 0.06160
a[27]   0.03228 0.04896
a[28]   0.03196 0.05251
a[29]   0.04224 0.06159
a[30]   0.03810 0.05294
a[31]   0.04597 0.05476
a[32]   0.04539 0.05798
a[33]   0.02313 0.03824
a[34]   0.03398 0.04613
a[35]   0.05228 0.06517
a[36]   0.03587 0.05149
a[37]   0.02614 0.06482
a[38]   0.04085 0.04634
a[39]   0.03053 0.03949
a[40]   0.02944 0.04389
a[41]   0.04113 0.05091
a[42]   0.03819 0.04156
a[43]   0.04294 0.04867
a[44]   0.03605 0.07451
a[45]   0.04337 0.06276
a[46]   0.05289 0.06049
a[47]   0.05042 0.06059
a[48]   0.03938 0.04856
a[49]   0.04379 0.07164
a[50]   0.03184 0.05073
a[51]   0.03693 0.04145
a[52]   0.03655 0.04621
a[53]   0.02867 0.04752
a[54]   0.04480 0.06692
a[55]   0.03651 0.05258
a[56]   0.03541 0.04466
a[57]   0.02871 0.03530
a[58]   0.02532 0.03843
a[59]   0.03039 0.04322
a[60]   0.03495 0.04561
a[61]   0.03835 0.05581
a[62]   0.03456 0.04234
a[63]   0.03850 0.04578
a[64]   0.04901 0.06453
a[65]   0.03182 0.03787
a[66]   0.02917 0.05598
a[67]   0.04049 0.06097
a[68]   0.03803 0.04895
a[69]   0.03314 0.04939
a[70]   0.03374 0.04811
a[71]   0.03560 0.04390
a[72]   0.03500 0.04388
a[73]   0.04827 0.04889
a[74]   0.04255 0.06126
a[75]   0.03947 0.05243
a[76]   0.04310 0.07845
a[77]   0.03508 0.04655
a[78]   0.03774 0.04288
a[79]   0.03321 0.05534
a[80]   0.02802 0.03779
a[81]   0.03160 0.06398
a[82]   0.03495 0.06125
a[83]   0.04336 0.06390
a[84]   0.04156 0.06367
a[85]   0.02800 0.04626
a[86]   0.04500 0.05173
a[87]   0.02796 0.04553
a[88]   0.03778 0.04041
a[89]   0.03675 0.05520
a[90]   0.03698 0.05255
a[91]   0.02456 0.04171
a[92]   0.03682 0.03950
a[93]   0.03488 0.04935
a[94]   0.03343 0.04629
a[95]   0.04234 0.05236
a[96]   0.04315 0.05002
a[97]   0.02865 0.04121
a[98]   0.05120 0.05778
a[99]   0.03174 0.03303
a[100]  0.04036 0.05944
a[101]  0.02446 0.06199
a[102]  0.03335 0.05406
a[103]  0.02916 0.04621
a[104]  0.03130 0.05018
a[105]  0.04560 0.05211
a[106]  0.03728 0.04900
a[107]  0.04185 0.05575
a[108]  0.03701 0.04155
a[109]  0.04309 0.05180
a[110]  0.03935 0.06371
a[111]  0.03348 0.03870
a[112]  0.04072 0.05112
a[113]  0.04313 0.05112
a[114]  0.04145 0.07306
a[115]  0.02916 0.06374
a[116]  0.04045 0.05557
a[117]  0.04103 0.04809
a[118]  0.03254 0.03994
a[119]  0.02737 0.03680
a[120]  0.04432 0.04630
a[121]  0.03040 0.04586
a[122]  0.02984 0.04576
a[123]  0.04062 0.05245
a[124]  0.03655 0.04582
a[125]  0.06048 0.07544
a[126]  0.03745 0.03983
a[127]  0.03577 0.04901
a[128]  0.04903 0.06428
a[129]  0.03952 0.05177
a[130]  0.02368 0.04904
a[131]  0.03776 0.04459
a[132]  0.03949 0.04150
a[133]  0.04654 0.06082
a[134]  0.03180 0.05675
a[135]  0.03668 0.05249
a[136]  0.05200 0.07084
a[137]  0.02964 0.04993
a[138]  0.01865 0.04677
a[139]  0.04164 0.04944
a[140]  0.03892 0.05495
a[141]  0.03729 0.04847
a[142]  0.03286 0.05238
a[143]  0.02856 0.04448
a[144]  0.02498 0.05127
a[145]  0.03748 0.05856
a[146]  0.03313 0.04175
a[147]  0.04655 0.05446
a[148]  0.04050 0.04152
a[149]  0.03469 0.05239
a[150]  0.04061 0.04956
a[151]  0.03623 0.04999
a[152]  0.03590 0.05631
a[153]  0.03818 0.04860
a[154]  0.03463 0.04254
a[155]  0.03559 0.04459
a[156]  0.03300 0.03448
a[157]  0.04824 0.06040
a[158]  0.03472 0.03651
a[159]  0.04497 0.05964
a[160]  0.02217 0.03770
a[161]  0.04239 0.06614
a[162]  0.04459 0.04889
a[163]  0.03678 0.04836
a[164]  0.03162 0.04850
a[165]  0.04161 0.05506
a[166]  0.03992 0.04259
a[167]  0.04441 0.05626
a[168]  0.04880 0.05901
a[169]  0.03636 0.04541
a[170]  0.05036 0.05453
a[171]  0.03670 0.05409
a[172]  0.03534 0.04097
a[173]  0.03444 0.05695
a[174]  0.03193 0.05125
a[175]  0.04230 0.06609
a[176]  0.04465 0.05659
a[177]  0.03448 0.04796
a[178]  0.03229 0.04151
a[179]  0.03426 0.05203
a[180]  0.05202 0.06432
a[181]  0.04538 0.05029
a[182]  0.04388 0.05313
a[183]  0.03885 0.04324
a[184]  0.03844 0.05482
a[185]  0.04330 0.05524
a[186]  0.03977 0.06719
a[187]  0.04378 0.06144
a[188]  0.04894 0.06607
a[189]  0.04943 0.06068
a[190]  0.03529 0.05114
a[191]  0.02778 0.03913
a[192]  0.03615 0.04043
a[193]  0.04032 0.06379
a[194]  0.03863 0.04035
a[195]  0.04383 0.06430
a[196]  0.04484 0.05856
a[197]  0.04893 0.05835
a[198]  0.03756 0.06113
a[199]  0.03119 0.05959
a[200]  0.04082 0.05134
a[201]  0.04142 0.05759
a[202]  0.04155 0.05541
a[203]  0.03618 0.05005
a[204]  0.02759 0.06103
a[205]  0.03535 0.04427
a[206]  0.02801 0.04617
a[207]  0.03857 0.05494
a[208]  0.03834 0.04910
a[209]  0.02804 0.03841
a[210]  0.03410 0.05164
a[211]  0.03988 0.04734
a[212]  0.02607 0.04658
a[213]  0.03093 0.04304
a[214]  0.03347 0.05498
a[215]  0.04168 0.05122
a[216]  0.04079 0.05418
a[217]  0.03287 0.06326
a[218]  0.03379 0.04903
a[219]  0.03881 0.04822
a[220]  0.04267 0.04928
a[221]  0.03571 0.05220
a[222]  0.03855 0.04638
a[223]  0.04574 0.06753
a[224]  0.03754 0.05366
a[225]  0.03554 0.04719
a[226]  0.04225 0.05368
a[227]  0.02532 0.05664
a[228]  0.03912 0.04480
a[229]  0.03354 0.04569
a[230]  0.03647 0.04694
a[231]  0.03324 0.03661
a[232]  0.02918 0.03906
a[233]  0.03446 0.05340
a[234]  0.03915 0.06219
a[235]  0.04488 0.05998
a[236]  0.02388 0.03473
a[237]  0.02971 0.04391
a[238]  0.02425 0.04939
a[239]  0.03756 0.04684
a[240]  0.05287 0.06005
a[241]  0.03651 0.04070
a[242]  0.03571 0.05743
a[243]  0.02491 0.05333
a[244]  0.03835 0.05046
a[245]  0.05231 0.06058
a[246]  0.04084 0.05092
a[247]  0.04652 0.05669
a[248]  0.03250 0.05000
a[249]  0.04367 0.04830
a[250]  0.03645 0.04490
a[251]  0.04742 0.05337
a[252]  0.02445 0.03576
a[253]  0.02944 0.05544
a[254]  0.04657 0.06385
a[255]  0.04857 0.06128
a[256]  0.03380 0.06171
a[257]  0.04032 0.05504
a[258]  0.03656 0.03762
a[259]  0.03499 0.05937
a[260]  0.03546 0.05775
a[261]  0.04422 0.06090
a[262]  0.03197 0.03828
a[263]  0.03898 0.05255
a[264]  0.04693 0.06307
a[265]  0.03855 0.05639
a[266]  0.04435 0.05317
a[267]  0.03745 0.04842
a[268]  0.03045 0.05348
a[269]  0.02764 0.04839
a[270]  0.04592 0.05959
a[271]  0.04054 0.04729
a[272]  0.03417 0.05861
a[273]  0.03083 0.06535
a[274]  0.07133 0.08098
a[275]  0.02874 0.03787
a[276]  0.03215 0.04774
a[277]  0.02630 0.05408
a[278]  0.03902 0.04847
a[279]  0.03052 0.04602
a[280]  0.04480 0.05160
a[281]  0.05041 0.05153
a[282]  0.03347 0.04983
a[283]  0.03524 0.04074
a[284]  0.03502 0.03816
a[285]  0.03516 0.03980
a[286]  0.03622 0.04211
a[287]  0.03889 0.05423
a[288]  0.03474 0.06299
a[289]  0.03532 0.05255
a[290]  0.03243 0.04209
a[291]  0.04733 0.05934
a[292]  0.02661 0.04090
a[293]  0.04586 0.05365
a[294]  0.03331 0.04466
a[295]  0.02992 0.04479
a[296]  0.03834 0.04439
a[297]  0.03725 0.05039
a[298]  0.03220 0.04900
a[299]  0.04177 0.04780
a[300]  0.03145 0.04348
a[301]  0.04368 0.05629
a[302]  0.04831 0.06449
a[303]  0.03868 0.05966
a[304]  0.04819 0.05436
a[305]  0.02973 0.05276
a[306]  0.03336 0.05411
a[307]  0.03991 0.06040
a[308]  0.04242 0.06353
a[309]  0.04346 0.07740
a[310]  0.03636 0.04214
a[311]  0.03678 0.04788
a[312]  0.03207 0.04503
a[313]  0.03744 0.04889
a[314]  0.04158 0.05873
a[315]  0.04173 0.06174
a[316]  0.04344 0.05159
a[317]  0.03099 0.04707
a[318]  0.03672 0.04211
a[319]  0.04666 0.05492
a[320]  0.04561 0.05999
a[321]  0.03234 0.05424
a[322]  0.03840 0.06009
a[323]  0.03390 0.05319
a[324]  0.04410 0.06153
a[325]  0.03685 0.04110
a[326]  0.04010 0.06964
a[327]  0.03792 0.03907
a[328]  0.04414 0.05572
a[329]  0.03752 0.04800
a[330]  0.02916 0.04947
a[331]  0.03089 0.04795
a[332]  0.03785 0.04116
a[333]  0.02131 0.03234
a[334]  0.03917 0.04507
a[335]  0.03244 0.04918
a[336]  0.03844 0.05502
a[337]  0.03256 0.04122
a[338]  0.03365 0.04364
a[339]  0.03471 0.04404
a[340]  0.03709 0.04897
a[341]  0.03507 0.04201
a[342]  0.04290 0.06023
a[343]  0.04463 0.05178
a[344]  0.02565 0.04602
a[345]  0.04908 0.06094
a[346]  0.03530 0.04474
a[347]  0.03724 0.06479
a[348]  0.02216 0.05192
a[349]  0.04512 0.05018
a[350]  0.03963 0.04189
a[351]  0.03601 0.05058
a[352]  0.03428 0.04376
a[353]  0.03590 0.06679
a[354]  0.04237 0.05898
a[355]  0.03029 0.05216
a[356]  0.03272 0.05516
a[357]  0.03488 0.04106
a[358]  0.02515 0.04528
a[359]  0.03995 0.04324
a[360]  0.03663 0.04381
a[361]  0.02900 0.04283
a[362]  0.04495 0.07121
a[363]  0.03885 0.04332
a[364]  0.04672 0.05900
a[365]  0.03519 0.05335
a[366]  0.04731 0.05516
a[367]  0.03670 0.04354
a[368]  0.03764 0.05089
a[369]  0.03342 0.04487
a[370]  0.03367 0.04668
a[371]  0.03234 0.05317
a[372]  0.03052 0.05255
a[373]  0.04482 0.06878
a[374]  0.02929 0.04238
a[375]  0.04482 0.06196
a[376]  0.04001 0.06265
a[377]  0.03062 0.04752
a[378]  0.05323 0.05642
a[379]  0.03203 0.05720
a[380]  0.03732 0.05497
a[381]  0.03799 0.05555
a[382]  0.04177 0.05199
a[383]  0.02846 0.03708
a[384]  0.04243 0.05422
a[385]  0.02857 0.06314
a[386]  0.03443 0.07112
a[387]  0.04249 0.06234
a[388]  0.02593 0.03451
a[389]  0.03593 0.05145
a[390]  0.04761 0.06125
a[391]  0.04048 0.04935
a[392]  0.03168 0.04819
a[393]  0.02855 0.03679
a[394]  0.04502 0.05698
a[395]  0.02984 0.04100
a[396]  0.04255 0.04707
a[397]  0.03452 0.06055
a[398]  0.03108 0.04151
a[399]  0.03403 0.04461
a[400]  0.04100 0.04807
a[401]  0.03883 0.06237
a[402]  0.04239 0.06396
a[403]  0.03243 0.04309
a[404]  0.03912 0.06077
a[405]  0.03110 0.05789
a[406]  0.03359 0.05117
a[407]  0.04060 0.05439
a[408]  0.04329 0.05177
a[409]  0.04447 0.07931
a[410]  0.03218 0.04595
a[411]  0.03658 0.05143
a[412]  0.03147 0.04935
a[413]  0.03937 0.05966
a[414]  0.04560 0.06390
a[415]  0.03487 0.06319
a[416]  0.03967 0.05403
a[417]  0.04850 0.05565
a[418]  0.04696 0.05074
a[419]  0.04816 0.05314
a[420]  0.04038 0.06066
a[421]  0.03842 0.04906
a[422]  0.03899 0.06715
a[423]  0.03204 0.05481
a[424]  0.04083 0.05423
a[425]  0.03687 0.05407
a[426]  0.02087 0.03430
a[427]  0.03664 0.04915
a[428]  0.03439 0.04085
a[429]  0.03962 0.04980
a[430]  0.03645 0.05225
a[431]  0.03994 0.05072
a[432]  0.02320 0.04074
a[433]  0.03049 0.05649
a[434]  0.05208 0.05574
a[435]  0.04915 0.05361
a[436]  0.04151 0.05786
a[437]  0.03963 0.04253
a[438]  0.04126 0.04557
a[439]  0.04840 0.06116
a[440]  0.04321 0.04543
a[441]  0.04160 0.06369
a[442]  0.03243 0.04717
a[443]  0.02991 0.04560
a[444]  0.03948 0.05694
a[445]  0.03403 0.03729
a[446]  0.03989 0.05109
a[447]  0.04688 0.06226
a[448]  0.04504 0.06649
a[449]  0.02670 0.04877
a[450]  0.03696 0.04056
a[451]  0.02987 0.05491
a[452]  0.05310 0.05788
a[453]  0.03079 0.03803
a[454]  0.04002 0.05509
a[455]  0.03445 0.05999
a[456]  0.02623 0.04377
a[457]  0.04492 0.06049
a[458]  0.04283 0.05730
a[459]  0.04240 0.05400
a[460]  0.03774 0.04655
a[461]  0.03809 0.04882
a[462]  0.03567 0.04007
a[463]  0.03330 0.04563
a[464]  0.02940 0.04324
a[465]  0.03011 0.06707
a[466]  0.03098 0.06233
a[467]  0.04119 0.04539
a[468]  0.03935 0.04991
a[469]  0.03077 0.05722
a[470]  0.03928 0.05326
a[471]  0.04110 0.05458
a[472]  0.03735 0.06606
a[473]  0.04110 0.04674
a[474]  0.03132 0.05439
a[475]  0.03749 0.05990
a[476]  0.03574 0.04842
a[477]  0.05009 0.05559
a[478]  0.03524 0.06190
a[479]  0.03404 0.04307
a[480]  0.03181 0.03746
a[481]  0.03869 0.04358
a[482]  0.04004 0.04612
a[483]  0.03142 0.04662
a[484]  0.03333 0.05057
a[485]  0.03621 0.04928
a[486]  0.03848 0.05308
a[487]  0.03626 0.04993
a[488]  0.04217 0.04798
a[489]  0.03294 0.05038
a[490]  0.03328 0.03933
a[491]  0.03228 0.04203
a[492]  0.03691 0.05586
a[493]  0.04843 0.05435
a[494]  0.03972 0.05718
a[495]  0.03573 0.04846
a[496]  0.03873 0.04398
a[497]  0.04551 0.06475
a[498]  0.03788 0.04728
a[499]  0.03974 0.04515
a[500]  0.02251 0.04254
 [ reached getOption("max.print") -- omitted 630 rows ]

Within chain 1:
            180     360     540     720
a[1]    0.07668 0.08590 0.08793 0.06187
a[2]    0.09931 0.08724 0.05306 0.07714
a[3]    0.08552 0.10463 0.05848 0.04517
a[4]    0.07144 0.07419 0.03879 0.06655
a[5]    0.07367 0.07274 0.04548 0.06762
a[6]    0.10353 0.10195 0.08843 0.05352
a[7]    0.09453 0.06095 0.07428 0.06424
a[8]    0.11752 0.05559 0.07049 0.09324
a[9]    0.09805 0.06652 0.04873 0.07880
a[10]   0.04872 0.09993 0.08603 0.07844
a[11]   0.12546 0.08624 0.08474 0.04943
a[12]   0.08284 0.09232 0.05930 0.05481
a[13]   0.05743 0.07817 0.07793 0.08905
a[14]   0.05672 0.06310 0.10179 0.06128
a[15]   0.11683 0.06790 0.08537 0.05909
a[16]   0.05002 0.06196 0.05071 0.05483
a[17]   0.06891 0.08061 0.06487 0.05212
a[18]   0.12393 0.06880 0.07510 0.10646
a[19]   0.05808 0.05883 0.08189 0.04894
a[20]   0.07803 0.07733 0.06803 0.07582
a[21]   0.07077 0.04871 0.06434 0.05945
a[22]   0.09881 0.05022 0.05300 0.07021
a[23]   0.07324 0.10624 0.04317 0.08005
a[24]   0.07722 0.07727 0.05729 0.08098
a[25]   0.05076 0.07660 0.04219 0.06494
a[26]   0.06338 0.08143 0.07643 0.05289
a[27]   0.08789 0.07618 0.06418 0.04208
a[28]   0.06680 0.10153 0.04402 0.05044
a[29]   0.08007 0.07329 0.06887 0.07341
a[30]   0.12965 0.04969 0.08841 0.05312
a[31]   0.08659 0.08023 0.04424 0.05528
a[32]   0.06195 0.08009 0.08093 0.03467
a[33]   0.07128 0.06068 0.07649 0.04986
a[34]   0.07561 0.06427 0.10215 0.06654
a[35]   0.08286 0.05548 0.05442 0.04979
a[36]   0.12227 0.06612 0.05662 0.08040
a[37]   0.08168 0.12523 0.09537 0.08900
a[38]   0.05499 0.09541 0.08275 0.08775
a[39]   0.07986 0.07963 0.06794 0.07378
a[40]   0.06919 0.07186 0.07252 0.04903
a[41]   0.06814 0.07322 0.04907 0.04753
a[42]   0.07086 0.04117 0.06542 0.09900
a[43]   0.07429 0.07471 0.07665 0.07154
a[44]   0.09372 0.04841 0.04530 0.08674
a[45]   0.08118 0.06804 0.07549 0.07551
a[46]   0.06373 0.07775 0.05268 0.03900
a[47]   0.04836 0.06465 0.06613 0.05416
a[48]   0.11590 0.06713 0.05992 0.10072
a[49]   0.06459 0.05259 0.07325 0.06276
a[50]   0.07399 0.05713 0.07337 0.04186
a[51]   0.14525 0.06092 0.05513 0.07595
a[52]   0.10581 0.06866 0.07505 0.05598
a[53]   0.07223 0.06558 0.04756 0.07131
a[54]   0.08528 0.07160 0.06744 0.05038
a[55]   0.07066 0.04649 0.08469 0.04984
a[56]   0.06251 0.03896 0.06382 0.06564
a[57]   0.08281 0.08865 0.05604 0.06315
a[58]   0.08501 0.07049 0.07012 0.07335
a[59]   0.05533 0.05400 0.04751 0.07487
a[60]   0.05240 0.08723 0.04034 0.05582
a[61]   0.08055 0.06575 0.06475 0.05866
a[62]   0.04151 0.04256 0.09987 0.05248
a[63]   0.07308 0.06319 0.08245 0.07517
a[64]   0.05567 0.11888 0.06012 0.04870
a[65]   0.10681 0.05909 0.06685 0.05267
a[66]   0.06593 0.06034 0.07565 0.05481
a[67]   0.03666 0.08796 0.10218 0.05012
a[68]   0.09305 0.09281 0.06277 0.07477
a[69]   0.06453 0.04676 0.10192 0.08288
a[70]   0.09360 0.06523 0.08817 0.06625
a[71]   0.06409 0.05592 0.07753 0.07732
a[72]   0.09565 0.06535 0.05587 0.09017
a[73]   0.08725 0.06083 0.06550 0.08583
a[74]   0.09190 0.07009 0.05437 0.06635
a[75]   0.04968 0.05897 0.04338 0.07545
a[76]   0.09790 0.11151 0.09867 0.06891
a[77]   0.06636 0.03925 0.04658 0.04722
a[78]   0.08500 0.09988 0.10741 0.04396
a[79]   0.05962 0.10104 0.04658 0.06411
a[80]   0.07571 0.05658 0.07424 0.06394
a[81]   0.06657 0.07662 0.08399 0.05831
a[82]   0.05538 0.05920 0.08222 0.04517
a[83]   0.07420 0.09822 0.09314 0.06488
a[84]   0.05069 0.06659 0.04801 0.04345
a[85]   0.08891 0.05824 0.04356 0.09114
a[86]   0.05071 0.04509 0.06539 0.08108
a[87]   0.11517 0.09338 0.06080 0.07325
a[88]   0.08657 0.06477 0.07642 0.07735
a[89]   0.10264 0.07424 0.03267 0.03936
a[90]   0.04145 0.09391 0.08018 0.09849
a[91]   0.06154 0.04851 0.07659 0.04222
a[92]   0.07709 0.05520 0.05959 0.04243
a[93]   0.10442 0.06275 0.09931 0.03941
a[94]   0.05655 0.07265 0.06671 0.07888
a[95]   0.06935 0.06007 0.07382 0.05988
a[96]   0.06089 0.07521 0.05830 0.05538
a[97]   0.03564 0.06925 0.05644 0.08721
a[98]   0.07073 0.08048 0.05971 0.06926
a[99]   0.09098 0.06685 0.06224 0.07561
a[100]  0.06088 0.06597 0.10670 0.03424
a[101]  0.08071 0.08540 0.07630 0.05069
a[102]  0.09691 0.05523 0.10003 0.05289
a[103]  0.06234 0.06964 0.05402 0.06379
a[104]  0.10614 0.10045 0.04525 0.03435
a[105]  0.10640 0.04254 0.03028 0.04977
a[106]  0.05283 0.05525 0.04877 0.07505
a[107]  0.08972 0.04344 0.08006 0.07677
a[108]  0.08838 0.06225 0.07554 0.05494
a[109]  0.07792 0.06481 0.08165 0.07846
a[110]  0.05754 0.10361 0.05494 0.03934
a[111]  0.07521 0.06666 0.07669 0.05980
a[112]  0.06725 0.06884 0.04153 0.05503
a[113]  0.09588 0.07991 0.04768 0.06696
a[114]  0.04428 0.05554 0.06741 0.06209
a[115]  0.08345 0.08784 0.06058 0.06070
a[116]  0.10377 0.05838 0.05773 0.07978
a[117]  0.05702 0.10466 0.07975 0.07742
a[118]  0.08266 0.06191 0.05967 0.04519
a[119]  0.12659 0.05417 0.07215 0.10492
a[120]  0.08409 0.05630 0.06850 0.05721
a[121]  0.07108 0.06815 0.06029 0.05063
a[122]  0.05454 0.09906 0.05501 0.03775
a[123]  0.09530 0.04767 0.06895 0.05668
a[124]  0.06515 0.07518 0.06366 0.05210
a[125]  0.08108 0.10201 0.05154 0.08730
a[126]  0.06125 0.08313 0.07586 0.06270
a[127]  0.07758 0.07700 0.07671 0.06711
a[128]  0.08636 0.06483 0.05554 0.05922
a[129]  0.13343 0.05754 0.04647 0.10616
a[130]  0.10360 0.07914 0.10113 0.04089
a[131]  0.08048 0.07061 0.09008 0.05037
a[132]  0.06009 0.05949 0.04810 0.06393
a[133]  0.10282 0.06339 0.05811 0.05287
a[134]  0.03766 0.07055 0.07834 0.04437
a[135]  0.07838 0.08107 0.08305 0.04577
a[136]  0.08462 0.07454 0.04843 0.06697
a[137]  0.05579 0.03683 0.05850 0.06970
a[138]  0.09899 0.05424 0.07827 0.04962
a[139]  0.11184 0.10681 0.08408 0.04454
a[140]  0.07993 0.04318 0.09564 0.04553
a[141]  0.08501 0.06207 0.05208 0.06384
a[142]  0.10158 0.05577 0.04668 0.09756
a[143]  0.11274 0.06020 0.05805 0.05768
a[144]  0.08125 0.06346 0.05056 0.05825
a[145]  0.10265 0.05088 0.06694 0.04111
a[146]  0.05989 0.07521 0.03780 0.11537
a[147]  0.08160 0.07178 0.07287 0.07108
a[148]  0.08958 0.07423 0.09105 0.09526
a[149]  0.09267 0.08786 0.05583 0.04487
a[150]  0.07495 0.05762 0.07212 0.08097
a[151]  0.07019 0.07022 0.03412 0.06497
a[152]  0.06765 0.06527 0.08472 0.08993
a[153]  0.08101 0.10917 0.08102 0.05720
a[154]  0.06517 0.06317 0.08497 0.07509
a[155]  0.05141 0.10736 0.05970 0.09425
a[156]  0.07218 0.06411 0.06333 0.06448
a[157]  0.10534 0.08223 0.08055 0.11271
a[158]  0.07876 0.08763 0.07176 0.04689
a[159]  0.03720 0.04076 0.05572 0.07291
a[160]  0.06381 0.06334 0.05148 0.05173
a[161]  0.09691 0.05616 0.07814 0.05586
a[162]  0.08158 0.05175 0.09852 0.05587
a[163]  0.04901 0.06502 0.06400 0.08467
a[164]  0.09091 0.06294 0.05974 0.05362
a[165]  0.10260 0.08351 0.06266 0.06945
a[166]  0.05712 0.10280 0.07809 0.07289
a[167]  0.06670 0.03875 0.08822 0.06683
a[168]  0.09492 0.03623 0.05568 0.05109
a[169]  0.06492 0.08489 0.10631 0.09156
a[170]  0.08792 0.07918 0.05889 0.05711
a[171]  0.06766 0.08913 0.06697 0.11333
a[172]  0.09960 0.05139 0.07591 0.07288
a[173]  0.08815 0.07079 0.05565 0.05740
a[174]  0.05938 0.10191 0.08722 0.07528
a[175]  0.09924 0.04242 0.04564 0.09771
a[176]  0.06195 0.06201 0.05357 0.06336
a[177]  0.08869 0.07386 0.07301 0.05782
a[178]  0.09233 0.05454 0.08908 0.07091
a[179]  0.06955 0.06618 0.08503 0.10330
a[180]  0.11012 0.05442 0.06869 0.07541
a[181]  0.07672 0.04818 0.08760 0.05877
a[182]  0.04107 0.05675 0.05556 0.04517
a[183]  0.06990 0.03906 0.08888 0.05305
a[184]  0.07298 0.07164 0.05702 0.09200
a[185]  0.13302 0.07381 0.05038 0.08549
a[186]  0.07342 0.07517 0.09227 0.06223
a[187]  0.06664 0.05804 0.06361 0.07572
a[188]  0.05673 0.09599 0.06244 0.07545
a[189]  0.09558 0.07111 0.08452 0.07821
a[190]  0.06181 0.06819 0.05940 0.05228
a[191]  0.06323 0.09141 0.05030 0.08045
a[192]  0.08276 0.09043 0.02905 0.05810
a[193]  0.08203 0.10636 0.08580 0.08823
a[194]  0.10520 0.04930 0.08331 0.09499
a[195]  0.10706 0.05896 0.07038 0.06150
a[196]  0.07560 0.07755 0.06003 0.05168
a[197]  0.06718 0.07020 0.06514 0.10578
a[198]  0.08244 0.05309 0.05915 0.07067
a[199]  0.08848 0.04401 0.02752 0.07400
a[200]  0.05779 0.09108 0.07675 0.06285
a[201]  0.11332 0.04982 0.04975 0.04952
a[202]  0.08782 0.07670 0.09257 0.10160
a[203]  0.09268 0.08442 0.08061 0.05456
a[204]  0.09142 0.08448 0.04601 0.09522
a[205]  0.05607 0.04713 0.06763 0.06897
a[206]  0.06325 0.06282 0.09213 0.07013
a[207]  0.06948 0.09722 0.04077 0.05965
a[208]  0.05765 0.05068 0.04469 0.05726
a[209]  0.06172 0.08507 0.06079 0.05894
a[210]  0.05539 0.05328 0.05070 0.06347
a[211]  0.08742 0.09977 0.07184 0.04860
a[212]  0.07982 0.07299 0.07085 0.08197
a[213]  0.09368 0.04881 0.06761 0.03832
a[214]  0.08744 0.05561 0.07904 0.07188
a[215]  0.09118 0.06595 0.08881 0.08261
a[216]  0.07300 0.05411 0.06375 0.04898
a[217]  0.09117 0.05530 0.08669 0.05504
a[218]  0.13585 0.05574 0.05343 0.07451
a[219]  0.11729 0.03938 0.05602 0.11217
a[220]  0.10423 0.07444 0.06807 0.06302
a[221]  0.05390 0.03728 0.07579 0.06133
a[222]  0.05421 0.06562 0.04726 0.05612
a[223]  0.07658 0.07598 0.08812 0.04869
a[224]  0.08830 0.08590 0.06472 0.07857
a[225]  0.04639 0.05065 0.06676 0.07269
a[226]  0.12341 0.08393 0.05035 0.06293
a[227]  0.07254 0.08823 0.08186 0.07053
a[228]  0.10223 0.09989 0.07721 0.04682
a[229]  0.06012 0.08785 0.07014 0.07500
a[230]  0.05301 0.06754 0.05833 0.04347
a[231]  0.08968 0.07841 0.07595 0.08570
a[232]  0.05380 0.06494 0.06466 0.05763
a[233]  0.04168 0.04030 0.04284 0.06525
a[234]  0.10946 0.07265 0.04725 0.07093
a[235]  0.05835 0.08299 0.04431 0.06686
a[236]  0.10435 0.07009 0.07895 0.05677
a[237]  0.08736 0.07284 0.04767 0.07658
a[238]  0.07138 0.07338 0.07281 0.05990
a[239]  0.08188 0.06617 0.06935 0.13159
a[240]  0.08457 0.05427 0.04014 0.08498
a[241]  0.04864 0.05708 0.05913 0.08015
a[242]  0.09051 0.04910 0.07971 0.02869
a[243]  0.08094 0.09278 0.10415 0.06920
a[244]  0.04381 0.06526 0.05088 0.04748
a[245]  0.08241 0.04247 0.06373 0.06163
a[246]  0.05654 0.11669 0.04840 0.06545
a[247]  0.06628 0.06718 0.05793 0.07627
a[248]  0.10186 0.05888 0.05139 0.06056
a[249]  0.08130 0.09511 0.05870 0.04588
a[250]  0.05216 0.07640 0.06841 0.08901
 [ reached getOption("max.print") -- omitted 880 rows ]

Within chain 2:
            180     360     540     720
a[1]    0.08313 0.08471 0.04473 0.05078
a[2]    0.03981 0.05822 0.09379 0.06306
a[3]    0.06931 0.08381 0.06201 0.11314
a[4]    0.12113 0.03667 0.05281 0.08849
a[5]    0.07888 0.06432 0.05792 0.06256
a[6]    0.03541 0.09327 0.04282 0.06140
a[7]    0.07969 0.06832 0.06776 0.07392
a[8]    0.08047 0.07117 0.08898 0.05707
a[9]    0.07305 0.06438 0.05240 0.07469
a[10]   0.06199 0.06636 0.08650 0.05885
a[11]   0.06052 0.06281 0.05097 0.10346
a[12]   0.07619 0.07942 0.06341 0.08925
a[13]   0.06696 0.10071 0.06125 0.04830
a[14]   0.08140 0.05747 0.07162 0.06456
a[15]   0.09681 0.09469 0.06488 0.08965
a[16]   0.07208 0.06051 0.03950 0.05168
a[17]   0.07416 0.06131 0.06681 0.06630
a[18]   0.06777 0.08930 0.07549 0.05513
a[19]   0.07257 0.09729 0.07282 0.09406
a[20]   0.09466 0.06085 0.07647 0.09243
a[21]   0.08552 0.05295 0.05455 0.03920
a[22]   0.07177 0.08398 0.07802 0.07462
a[23]   0.05351 0.07414 0.06203 0.05779
a[24]   0.06373 0.09501 0.06142 0.05335
a[25]   0.06421 0.09554 0.08892 0.05144
a[26]   0.09174 0.06787 0.09435 0.06852
a[27]   0.08076 0.09105 0.04667 0.05413
a[28]   0.05462 0.05093 0.06604 0.04872
a[29]   0.08649 0.11130 0.07538 0.05445
a[30]   0.09944 0.09319 0.06496 0.08931
a[31]   0.09149 0.10953 0.08156 0.07415
a[32]   0.09210 0.04088 0.08786 0.05965
a[33]   0.07743 0.04801 0.07256 0.05243
a[34]   0.09629 0.07980 0.04808 0.06815
a[35]   0.04054 0.07355 0.04572 0.05948
a[36]   0.05248 0.07103 0.05175 0.08558
a[37]   0.04223 0.07243 0.08219 0.06189
a[38]   0.06848 0.07660 0.06748 0.06081
a[39]   0.05654 0.03934 0.07512 0.05424
a[40]   0.04880 0.08759 0.05033 0.05689
a[41]   0.08650 0.08098 0.06944 0.08035
a[42]   0.07628 0.06809 0.10957 0.06592
a[43]   0.07982 0.06525 0.06275 0.03171
a[44]   0.11290 0.08952 0.10476 0.07177
a[45]   0.07656 0.07065 0.06845 0.06306
a[46]   0.05255 0.05994 0.06362 0.05623
a[47]   0.06738 0.09588 0.07732 0.09915
a[48]   0.10460 0.07890 0.08108 0.05580
a[49]   0.06844 0.07965 0.09428 0.12625
a[50]   0.11152 0.10199 0.05585 0.06752
a[51]   0.04720 0.04744 0.08919 0.07259
a[52]   0.04500 0.05457 0.08107 0.04438
a[53]   0.04557 0.04727 0.05881 0.09419
a[54]   0.04458 0.08145 0.07468 0.05323
a[55]   0.08473 0.06892 0.07393 0.04659
a[56]   0.06673 0.10466 0.09166 0.05925
a[57]   0.09775 0.12837 0.05001 0.07487
a[58]   0.10224 0.07785 0.06244 0.05757
a[59]   0.09453 0.07152 0.06615 0.08998
a[60]   0.09550 0.08765 0.03697 0.09939
a[61]   0.11463 0.09066 0.07624 0.05955
a[62]   0.06008 0.10408 0.08329 0.05683
a[63]   0.09627 0.08568 0.08327 0.04138
a[64]   0.09475 0.06291 0.07143 0.07424
a[65]   0.10377 0.07073 0.08023 0.07072
a[66]   0.03806 0.04789 0.05242 0.06069
a[67]   0.10810 0.04472 0.06527 0.07635
a[68]   0.06605 0.04626 0.05550 0.04822
a[69]   0.09083 0.06248 0.06579 0.05239
a[70]   0.05915 0.08366 0.07358 0.08093
a[71]   0.10117 0.05841 0.05102 0.08114
a[72]   0.07082 0.09734 0.04192 0.03475
a[73]   0.10403 0.08139 0.05887 0.06493
a[74]   0.04579 0.08483 0.08103 0.07470
a[75]   0.06693 0.08435 0.09244 0.08803
a[76]   0.08225 0.06245 0.06037 0.05290
a[77]   0.04290 0.05594 0.05583 0.05604
a[78]   0.05988 0.07304 0.08353 0.06844
a[79]   0.05241 0.07630 0.03967 0.10562
a[80]   0.08737 0.05497 0.02256 0.07226
a[81]   0.08606 0.05186 0.03480 0.04199
a[82]   0.08901 0.05779 0.08033 0.04118
a[83]   0.10753 0.08030 0.08122 0.10374
a[84]   0.07369 0.05858 0.05300 0.04240
a[85]   0.06097 0.08681 0.05903 0.03577
a[86]   0.09341 0.09948 0.05975 0.06100
a[87]   0.08812 0.09983 0.07390 0.09066
a[88]   0.08291 0.04498 0.04959 0.07068
a[89]   0.08227 0.04949 0.08146 0.07035
a[90]   0.08962 0.07657 0.07446 0.08648
a[91]   0.05794 0.02875 0.07553 0.09243
a[92]   0.09219 0.07833 0.06644 0.06496
a[93]   0.11892 0.07686 0.10729 0.06471
a[94]   0.04766 0.07090 0.08432 0.07938
a[95]   0.06698 0.08123 0.08211 0.07158
a[96]   0.04981 0.10057 0.08819 0.07921
a[97]   0.05655 0.04705 0.08422 0.05287
a[98]   0.06727 0.07582 0.07088 0.07091
a[99]   0.08167 0.07007 0.09010 0.08998
a[100]  0.05532 0.07705 0.03841 0.07364
a[101]  0.04087 0.10454 0.07062 0.07366
a[102]  0.08413 0.04576 0.08909 0.04880
a[103]  0.07451 0.06532 0.07779 0.09901
a[104]  0.10134 0.04642 0.04199 0.09618
a[105]  0.09828 0.05177 0.07071 0.10314
a[106]  0.08724 0.07022 0.09958 0.07340
a[107]  0.05895 0.08712 0.05717 0.07291
a[108]  0.10912 0.04532 0.09207 0.05293
a[109]  0.08155 0.08291 0.07078 0.06654
a[110]  0.05972 0.06996 0.06870 0.06055
a[111]  0.11935 0.05914 0.06559 0.08361
a[112]  0.08744 0.06724 0.05486 0.08994
a[113]  0.06809 0.05790 0.06332 0.08524
a[114]  0.05806 0.04597 0.08610 0.06114
a[115]  0.04283 0.06587 0.05459 0.04840
a[116]  0.07022 0.08669 0.07365 0.07160
a[117]  0.07717 0.07584 0.07566 0.07050
a[118]  0.09957 0.04695 0.06800 0.06831
a[119]  0.06739 0.04966 0.05449 0.06293
a[120]  0.10912 0.05142 0.07494 0.06891
a[121]  0.11112 0.05954 0.07566 0.06138
a[122]  0.06192 0.08445 0.07557 0.04475
a[123]  0.08559 0.05412 0.05472 0.04235
a[124]  0.08721 0.07728 0.07043 0.06410
a[125]  0.07186 0.05501 0.05826 0.07797
a[126]  0.08406 0.07103 0.05230 0.06405
a[127]  0.04519 0.08711 0.07625 0.07521
a[128]  0.07261 0.05743 0.05221 0.04848
a[129]  0.08498 0.11001 0.07432 0.05824
a[130]  0.07491 0.06753 0.06807 0.06853
a[131]  0.07139 0.03892 0.08008 0.06881
a[132]  0.06697 0.05523 0.05896 0.06887
a[133]  0.07028 0.06852 0.03392 0.05751
a[134]  0.10692 0.08648 0.05668 0.04198
a[135]  0.05840 0.11988 0.08426 0.04412
a[136]  0.06849 0.05159 0.05075 0.07453
a[137]  0.10198 0.07400 0.05483 0.06288
a[138]  0.06169 0.08038 0.03795 0.07542
a[139]  0.10732 0.06400 0.06777 0.06500
a[140]  0.05460 0.04991 0.06358 0.06509
a[141]  0.07436 0.04416 0.06942 0.05117
a[142]  0.07659 0.03842 0.05241 0.04909
a[143]  0.12767 0.06460 0.04711 0.05898
a[144]  0.07471 0.05272 0.07373 0.07380
a[145]  0.11141 0.05977 0.04509 0.05094
a[146]  0.06184 0.04521 0.07183 0.05916
a[147]  0.08288 0.06347 0.04870 0.05691
a[148]  0.05861 0.03986 0.05256 0.04718
a[149]  0.06188 0.08100 0.08007 0.07347
a[150]  0.07176 0.05439 0.06672 0.06222
a[151]  0.07702 0.06942 0.07641 0.05326
a[152]  0.06279 0.06125 0.08048 0.05064
a[153]  0.06034 0.10575 0.06140 0.08418
a[154]  0.08362 0.06927 0.07965 0.05514
a[155]  0.07375 0.05518 0.06215 0.06860
a[156]  0.08436 0.07439 0.04920 0.06730
a[157]  0.08101 0.04674 0.04672 0.08233
a[158]  0.06004 0.08102 0.04314 0.05835
a[159]  0.06941 0.10572 0.08647 0.04807
a[160]  0.06187 0.08008 0.04938 0.05781
a[161]  0.11901 0.09601 0.05672 0.06718
a[162]  0.08243 0.07297 0.11086 0.10582
a[163]  0.05734 0.09495 0.07450 0.12231
a[164]  0.08610 0.06977 0.06951 0.04780
a[165]  0.06465 0.07856 0.07549 0.05915
a[166]  0.07658 0.07169 0.07761 0.05430
a[167]  0.10173 0.06054 0.07341 0.10487
a[168]  0.13108 0.05924 0.08421 0.05516
a[169]  0.07007 0.08760 0.05638 0.08978
a[170]  0.07473 0.08103 0.05294 0.06520
a[171]  0.09860 0.07464 0.06036 0.07058
a[172]  0.06432 0.07098 0.07938 0.09157
a[173]  0.07327 0.05569 0.07478 0.05406
a[174]  0.08922 0.08299 0.05731 0.07242
a[175]  0.09391 0.09840 0.09209 0.07325
a[176]  0.07859 0.07240 0.09134 0.06310
a[177]  0.06504 0.10007 0.04361 0.06565
a[178]  0.05934 0.09046 0.07028 0.04282
a[179]  0.07933 0.08079 0.03270 0.05223
a[180]  0.09908 0.06023 0.06000 0.08039
a[181]  0.04581 0.06224 0.06355 0.06339
a[182]  0.05314 0.07101 0.05729 0.07735
a[183]  0.05633 0.08884 0.12979 0.08494
a[184]  0.08736 0.05598 0.05798 0.07208
a[185]  0.07306 0.07996 0.07214 0.07624
a[186]  0.06282 0.04465 0.05593 0.04675
a[187]  0.06531 0.02145 0.07467 0.05712
a[188]  0.09402 0.06820 0.09871 0.05226
a[189]  0.06527 0.04716 0.03106 0.03654
a[190]  0.05727 0.10504 0.04682 0.05736
a[191]  0.06770 0.08805 0.07607 0.06228
a[192]  0.08670 0.07848 0.04639 0.05221
a[193]  0.09839 0.09072 0.05975 0.04439
a[194]  0.10205 0.08387 0.07886 0.10389
a[195]  0.07022 0.05082 0.06266 0.07574
a[196]  0.08525 0.07457 0.08245 0.05945
a[197]  0.08153 0.06476 0.06309 0.06234
a[198]  0.13855 0.03910 0.07420 0.05453
a[199]  0.06261 0.04969 0.06320 0.04520
a[200]  0.05707 0.07453 0.07746 0.05983
a[201]  0.08803 0.11490 0.07796 0.07020
a[202]  0.06856 0.06005 0.09108 0.06711
a[203]  0.05496 0.07354 0.05732 0.05913
a[204]  0.07036 0.04324 0.04402 0.04833
a[205]  0.06312 0.09765 0.06105 0.08078
a[206]  0.05879 0.04713 0.03993 0.03446
a[207]  0.06131 0.07137 0.07063 0.05757
a[208]  0.12299 0.05852 0.09498 0.05406
a[209]  0.07186 0.08550 0.06194 0.08211
a[210]  0.05931 0.05162 0.04824 0.05138
a[211]  0.08914 0.06280 0.06967 0.04416
a[212]  0.07515 0.05452 0.05560 0.05236
a[213]  0.08014 0.08053 0.06433 0.05649
a[214]  0.10445 0.05803 0.05275 0.07044
a[215]  0.04327 0.07618 0.04778 0.06671
a[216]  0.08098 0.08937 0.07779 0.07222
a[217]  0.07405 0.07275 0.10627 0.07507
a[218]  0.09979 0.04585 0.07795 0.06525
a[219]  0.08234 0.06176 0.07580 0.07544
a[220]  0.06420 0.05780 0.08174 0.09600
a[221]  0.06203 0.08152 0.08940 0.07496
a[222]  0.10178 0.09111 0.05674 0.05117
a[223]  0.05133 0.07148 0.05846 0.06127
a[224]  0.05339 0.05436 0.08562 0.05150
a[225]  0.04306 0.06107 0.07532 0.07931
a[226]  0.06067 0.05146 0.06280 0.07572
a[227]  0.08089 0.07485 0.07576 0.07604
a[228]  0.09608 0.07262 0.06124 0.03242
a[229]  0.04823 0.07576 0.06662 0.02971
a[230]  0.05937 0.08051 0.05356 0.06850
a[231]  0.14276 0.07589 0.08512 0.06757
a[232]  0.10281 0.05015 0.07078 0.05943
a[233]  0.04565 0.07616 0.05079 0.05353
a[234]  0.06274 0.05643 0.05566 0.05816
a[235]  0.08616 0.10614 0.09556 0.06378
a[236]  0.09139 0.07474 0.07612 0.10984
a[237]  0.12350 0.09028 0.05666 0.03877
a[238]  0.08661 0.06149 0.10110 0.09030
a[239]  0.05716 0.05515 0.08486 0.04381
a[240]  0.09062 0.09345 0.06760 0.07560
a[241]  0.13785 0.07125 0.07951 0.06350
a[242]  0.10019 0.04793 0.11324 0.04415
a[243]  0.08202 0.09194 0.07013 0.06282
a[244]  0.06535 0.06079 0.05744 0.05729
a[245]  0.07257 0.07349 0.07250 0.06007
a[246]  0.10193 0.09389 0.07070 0.08025
a[247]  0.08674 0.04592 0.05989 0.08621
a[248]  0.04787 0.05913 0.06098 0.05533
a[249]  0.06014 0.06658 0.04928 0.06502
a[250]  0.08766 0.07780 0.07800 0.07788
 [ reached getOption("max.print") -- omitted 880 rows ]

Within chain 3:
            180     360     540     720
a[1]    0.06615 0.03808 0.07489 0.06086
a[2]    0.06032 0.09149 0.07382 0.05158
a[3]    0.09337 0.07233 0.07239 0.04861
a[4]    0.04766 0.05632 0.05500 0.04178
a[5]    0.09599 0.08518 0.08184 0.07013
a[6]    0.05857 0.07274 0.07168 0.06091
a[7]    0.09673 0.08436 0.07149 0.06589
a[8]    0.08992 0.08416 0.04269 0.08521
a[9]    0.06087 0.04077 0.06000 0.05324
a[10]   0.08326 0.07804 0.06054 0.04571
a[11]   0.07326 0.06772 0.03064 0.04921
a[12]   0.05395 0.04116 0.08828 0.05912
a[13]   0.07947 0.04341 0.05926 0.07075
a[14]   0.08771 0.08516 0.08725 0.04254
a[15]   0.05438 0.09307 0.07107 0.07914
a[16]   0.05859 0.08100 0.05041 0.04389
a[17]   0.07579 0.07814 0.06471 0.07200
a[18]   0.09062 0.06943 0.06345 0.04456
a[19]   0.07339 0.09011 0.08660 0.09204
a[20]   0.09552 0.08622 0.09156 0.06001
a[21]   0.08917 0.06566 0.06069 0.09106
a[22]   0.08087 0.06095 0.08886 0.06373
a[23]   0.08855 0.06046 0.05404 0.06327
a[24]   0.04288 0.05888 0.07810 0.08774
a[25]   0.08832 0.05398 0.06462 0.07712
a[26]   0.07293 0.06216 0.06079 0.10530
a[27]   0.10779 0.07529 0.10803 0.05318
a[28]   0.06650 0.04212 0.06831 0.06438
a[29]   0.11696 0.07663 0.07924 0.05383
a[30]   0.04135 0.06440 0.03952 0.05050
a[31]   0.07933 0.05766 0.08217 0.04793
a[32]   0.09073 0.05843 0.06866 0.07126
a[33]   0.09047 0.08319 0.07918 0.07819
a[34]   0.08939 0.06538 0.03553 0.05546
a[35]   0.05663 0.03851 0.07673 0.05968
a[36]   0.08013 0.09858 0.10182 0.06044
a[37]   0.05749 0.08649 0.04684 0.05927
a[38]   0.05488 0.11378 0.05494 0.07223
a[39]   0.04519 0.04538 0.14612 0.04873
a[40]   0.07850 0.05577 0.05690 0.06475
a[41]   0.04283 0.10083 0.08198 0.09321
a[42]   0.09469 0.05121 0.08555 0.05050
a[43]   0.05960 0.05925 0.08552 0.08480
a[44]   0.09749 0.05607 0.06356 0.04383
a[45]   0.05594 0.08683 0.04801 0.04146
a[46]   0.05449 0.09063 0.08173 0.07841
a[47]   0.07131 0.08350 0.02735 0.05305
a[48]   0.09565 0.07127 0.07282 0.04500
a[49]   0.11346 0.08162 0.09924 0.05932
a[50]   0.06266 0.09194 0.08661 0.08090
a[51]   0.07506 0.06046 0.06819 0.09177
a[52]   0.10314 0.07351 0.10108 0.08593
a[53]   0.07830 0.09383 0.06493 0.04744
a[54]   0.09944 0.09442 0.05086 0.05727
a[55]   0.09671 0.08182 0.04773 0.04631
a[56]   0.05662 0.05223 0.03521 0.12766
a[57]   0.11531 0.07472 0.07041 0.05235
a[58]   0.06460 0.10156 0.09328 0.06253
a[59]   0.06428 0.03631 0.08786 0.08724
a[60]   0.06008 0.05498 0.05748 0.05059
a[61]   0.04894 0.07289 0.10644 0.05295
a[62]   0.09183 0.04450 0.07735 0.09042
a[63]   0.07052 0.03963 0.06945 0.03758
a[64]   0.06137 0.05484 0.06207 0.10602
a[65]   0.10057 0.08514 0.09586 0.06691
a[66]   0.07391 0.05160 0.07839 0.05934
a[67]   0.05781 0.08501 0.10037 0.06379
a[68]   0.03596 0.04439 0.05131 0.09304
a[69]   0.05458 0.03875 0.04863 0.06457
a[70]   0.07660 0.05206 0.05984 0.06716
a[71]   0.06391 0.04488 0.10847 0.05044
a[72]   0.06961 0.08873 0.05952 0.06710
a[73]   0.06461 0.08383 0.05335 0.07212
a[74]   0.06805 0.07563 0.07517 0.05386
a[75]   0.06393 0.08763 0.10918 0.07030
a[76]   0.05321 0.10928 0.09530 0.07461
a[77]   0.06643 0.04379 0.05266 0.08535
a[78]   0.09456 0.08938 0.05352 0.05250
a[79]   0.05876 0.06278 0.04484 0.08081
a[80]   0.05861 0.07825 0.04634 0.05903
a[81]   0.06907 0.11918 0.07136 0.04707
a[82]   0.05977 0.08586 0.09620 0.08053
a[83]   0.10351 0.08412 0.06498 0.07720
a[84]   0.08476 0.11279 0.10165 0.03733
a[85]   0.06334 0.05751 0.09319 0.06663
a[86]   0.06827 0.05732 0.05606 0.06966
a[87]   0.08938 0.04836 0.05960 0.08123
a[88]   0.07412 0.09492 0.07406 0.06165
a[89]   0.05126 0.04665 0.07323 0.05597
a[90]   0.07749 0.08003 0.05520 0.10991
a[91]   0.09813 0.10461 0.07314 0.04783
a[92]   0.09404 0.04580 0.05516 0.07119
a[93]   0.09862 0.09935 0.06254 0.04093
a[94]   0.06262 0.07603 0.05364 0.06196
a[95]   0.09085 0.03088 0.05632 0.08810
a[96]   0.05564 0.05915 0.05439 0.03977
a[97]   0.05987 0.05978 0.06198 0.08058
a[98]   0.06074 0.09168 0.05210 0.07378
a[99]   0.07100 0.05799 0.07774 0.05196
a[100]  0.04999 0.06327 0.09726 0.08461
a[101]  0.07480 0.05533 0.07252 0.05100
a[102]  0.08859 0.05534 0.06315 0.06327
a[103]  0.03949 0.10579 0.08921 0.03461
a[104]  0.09005 0.08160 0.05082 0.06350
a[105]  0.07661 0.05227 0.08226 0.06962
a[106]  0.06954 0.05742 0.05274 0.04214
a[107]  0.07424 0.04055 0.08636 0.05794
a[108]  0.07521 0.05815 0.06165 0.08037
a[109]  0.06409 0.06029 0.04953 0.07659
a[110]  0.07152 0.04011 0.06809 0.08834
a[111]  0.06970 0.08657 0.09628 0.07441
a[112]  0.07308 0.09071 0.07235 0.06083
a[113]  0.08990 0.12379 0.06415 0.05250
a[114]  0.09249 0.08557 0.05169 0.07772
a[115]  0.07560 0.06916 0.06685 0.07321
a[116]  0.05877 0.06985 0.05546 0.08212
a[117]  0.09234 0.06307 0.10755 0.05315
a[118]  0.07138 0.09437 0.07386 0.09508
a[119]  0.06934 0.04768 0.07114 0.04818
a[120]  0.08426 0.06703 0.05605 0.06740
a[121]  0.09790 0.05770 0.06504 0.07263
a[122]  0.07838 0.06121 0.08247 0.04683
a[123]  0.11237 0.05972 0.07151 0.07575
a[124]  0.06263 0.08213 0.05858 0.05638
a[125]  0.08328 0.07125 0.06621 0.08587
a[126]  0.06659 0.04406 0.08047 0.07970
a[127]  0.09863 0.04035 0.05864 0.06569
a[128]  0.07665 0.06033 0.15423 0.07211
a[129]  0.11207 0.07903 0.07167 0.05844
a[130]  0.07984 0.05605 0.05047 0.06479
a[131]  0.12530 0.11498 0.04254 0.03864
a[132]  0.09316 0.05913 0.06074 0.05190
a[133]  0.07224 0.07398 0.09286 0.07539
a[134]  0.10487 0.08208 0.06231 0.03941
a[135]  0.06028 0.12352 0.08102 0.06602
a[136]  0.09528 0.06501 0.06057 0.06693
a[137]  0.05320 0.10622 0.08551 0.06088
a[138]  0.07355 0.09739 0.03790 0.06301
a[139]  0.06382 0.05097 0.08780 0.04929
a[140]  0.07568 0.10051 0.10430 0.09317
a[141]  0.07710 0.07963 0.05548 0.06075
a[142]  0.06026 0.09205 0.08198 0.06441
a[143]  0.05614 0.04130 0.04590 0.06011
a[144]  0.10697 0.07473 0.05781 0.06101
a[145]  0.07073 0.06116 0.04249 0.04708
a[146]  0.06376 0.11957 0.07216 0.06339
a[147]  0.05085 0.08212 0.06683 0.09025
a[148]  0.07685 0.08594 0.07152 0.04644
a[149]  0.07412 0.04825 0.06450 0.06070
a[150]  0.07663 0.06541 0.06969 0.05832
a[151]  0.05205 0.05543 0.06999 0.06445
a[152]  0.07228 0.05219 0.05533 0.06617
a[153]  0.06874 0.06963 0.05002 0.04942
a[154]  0.04768 0.08696 0.05347 0.05813
a[155]  0.09751 0.09160 0.09630 0.06085
a[156]  0.05572 0.12543 0.07754 0.07018
a[157]  0.04497 0.08137 0.06610 0.05840
a[158]  0.12242 0.08262 0.06040 0.06927
a[159]  0.10175 0.07246 0.06834 0.08053
a[160]  0.05752 0.08018 0.08915 0.06876
a[161]  0.09437 0.06775 0.07583 0.06804
a[162]  0.11440 0.09329 0.08707 0.06456
a[163]  0.05757 0.10920 0.07590 0.04022
a[164]  0.07996 0.06349 0.08045 0.08097
a[165]  0.08201 0.05204 0.09740 0.07261
a[166]  0.10948 0.05237 0.05459 0.06074
a[167]  0.14271 0.10219 0.06071 0.08063
a[168]  0.07813 0.05428 0.05651 0.07295
a[169]  0.07964 0.06948 0.05290 0.06152
a[170]  0.06916 0.07314 0.06304 0.07377
a[171]  0.04901 0.03921 0.03650 0.04425
a[172]  0.07699 0.06146 0.04948 0.03958
a[173]  0.09257 0.08460 0.10885 0.06099
a[174]  0.09284 0.07838 0.06264 0.05914
a[175]  0.07428 0.10177 0.03873 0.06829
a[176]  0.09345 0.08754 0.04797 0.07681
a[177]  0.04486 0.06232 0.07395 0.06017
a[178]  0.06524 0.08759 0.07956 0.10164
a[179]  0.07672 0.09562 0.07203 0.05939
a[180]  0.10522 0.04602 0.06085 0.10012
a[181]  0.05101 0.07139 0.05840 0.06236
a[182]  0.05677 0.08625 0.07367 0.04496
a[183]  0.07399 0.07696 0.03922 0.07950
a[184]  0.13200 0.10039 0.05417 0.06087
a[185]  0.06482 0.08048 0.05863 0.05599
a[186]  0.10106 0.08724 0.06415 0.04625
a[187]  0.08382 0.06624 0.04965 0.04779
a[188]  0.06277 0.06334 0.05675 0.07130
a[189]  0.06591 0.06766 0.06372 0.09808
a[190]  0.07866 0.07603 0.06002 0.06123
a[191]  0.10826 0.09307 0.06723 0.05547
a[192]  0.04886 0.06062 0.07599 0.03441
a[193]  0.07936 0.04980 0.05185 0.05862
a[194]  0.09441 0.05407 0.08460 0.07419
a[195]  0.08523 0.05294 0.06845 0.04412
a[196]  0.04617 0.07836 0.04368 0.06706
a[197]  0.06518 0.04282 0.04696 0.07580
a[198]  0.08050 0.06367 0.05071 0.07562
a[199]  0.09029 0.06842 0.08567 0.05893
a[200]  0.08205 0.11260 0.10728 0.07074
a[201]  0.07091 0.07105 0.08045 0.05139
a[202]  0.05096 0.05630 0.09286 0.07242
a[203]  0.10150 0.05154 0.03958 0.07115
a[204]  0.08051 0.05750 0.05954 0.08004
a[205]  0.05917 0.07897 0.07428 0.04541
a[206]  0.06023 0.07232 0.09037 0.04426
a[207]  0.05754 0.05279 0.06137 0.05584
a[208]  0.09382 0.05408 0.05326 0.04967
a[209]  0.07836 0.07325 0.06898 0.08534
a[210]  0.07741 0.04903 0.06004 0.05090
a[211]  0.07957 0.06177 0.09119 0.03999
a[212]  0.08529 0.08793 0.12754 0.06779
a[213]  0.05077 0.07794 0.03578 0.07121
a[214]  0.07447 0.05086 0.04441 0.05007
a[215]  0.07804 0.05968 0.08436 0.05051
a[216]  0.10409 0.05430 0.07598 0.05012
a[217]  0.07751 0.07188 0.04784 0.03892
a[218]  0.09333 0.08923 0.04753 0.08708
a[219]  0.05235 0.09211 0.06992 0.04916
a[220]  0.06419 0.04902 0.06089 0.05980
a[221]  0.07519 0.05036 0.10655 0.06657
a[222]  0.06575 0.09166 0.07624 0.07183
a[223]  0.09506 0.07895 0.08170 0.06519
a[224]  0.08778 0.06720 0.10656 0.06521
a[225]  0.05668 0.05360 0.06033 0.05344
a[226]  0.10848 0.10019 0.06129 0.03911
a[227]  0.07549 0.08723 0.05373 0.07361
a[228]  0.07217 0.11969 0.08639 0.07620
a[229]  0.06948 0.08047 0.05899 0.10231
a[230]  0.05919 0.10779 0.07320 0.09484
a[231]  0.06074 0.08761 0.05569 0.03817
a[232]  0.06510 0.08026 0.05017 0.05534
a[233]  0.07711 0.09410 0.05636 0.03576
a[234]  0.09049 0.07239 0.06967 0.08991
a[235]  0.07169 0.06037 0.06113 0.04590
a[236]  0.05762 0.04445 0.09233 0.07321
a[237]  0.11646 0.09390 0.05729 0.05833
a[238]  0.05189 0.09085 0.04408 0.09557
a[239]  0.08372 0.05149 0.08823 0.06361
a[240]  0.07965 0.06912 0.06502 0.04658
a[241]  0.07753 0.11200 0.04823 0.07878
a[242]  0.09229 0.09762 0.12865 0.03971
a[243]  0.09082 0.06919 0.09881 0.06467
a[244]  0.08439 0.04760 0.07052 0.11395
a[245]  0.07844 0.10674 0.07289 0.06656
a[246]  0.08045 0.05042 0.02840 0.04374
a[247]  0.06540 0.08571 0.07413 0.07304
a[248]  0.06388 0.07020 0.06203 0.04563
a[249]  0.07407 0.09855 0.06644 0.05820
a[250]  0.08051 0.06333 0.05491 0.06669
 [ reached getOption("max.print") -- omitted 880 rows ]

