
Iterations = 1:4996
Thinning interval = 5 
Number of chains = 3 
Sample size per chain = 1000 

1. Empirical mean and standard deviation for each variable,
   plus standard error of the mean:

              Mean        SD  Naive SE Time-series SE
a[1]     2.460e+06 1.037e+02 1.893e+00      2.070e+00
a[2]     2.406e+06 5.619e+01 1.026e+00      9.758e-01
a[3]     3.760e+06 1.028e+02 1.877e+00      1.877e+00
a[4]     8.725e+05 7.864e+01 1.436e+00      1.458e+00
a[5]     7.162e+06 1.018e+02 1.858e+00      1.891e+00
a[6]     7.203e+06 7.566e+01 1.381e+00      1.381e+00
a[7]     7.215e+06 9.828e+01 1.794e+00      1.795e+00
a[8]     6.624e+06 1.009e+02 1.841e+00      1.901e+00
a[9]     4.140e+06 7.781e+01 1.421e+00      1.376e+00
a[10]    4.680e+06 9.904e+01 1.808e+00      1.854e+00
a[11]    9.183e+06 1.059e+02 1.934e+00      2.004e+00
a[12]    7.040e+06 1.033e+02 1.886e+00      2.021e+00
a[13]    2.485e+06 8.160e+01 1.490e+00      1.549e+00
a[14]    2.431e+06 8.916e+01 1.628e+00      1.628e+00
a[15]    7.907e+06 9.615e+01 1.755e+00      1.756e+00
a[16]    2.111e+06 1.003e+02 1.831e+00      1.794e+00
a[17]    5.947e+06 1.001e+02 1.828e+00      1.823e+00
a[18]    9.178e+06 1.041e+02 1.901e+00      1.947e+00
a[19]    5.019e+06 9.873e+01 1.802e+00      1.802e+00
a[20]    6.882e+06 7.963e+01 1.454e+00      1.537e+00
a[21]    9.271e+06 6.369e+01 1.163e+00      1.212e+00
a[22]    5.588e+06 9.953e+01 1.817e+00      1.817e+00
a[23]    3.710e+06 7.378e+01 1.347e+00      1.301e+00
a[24]    3.525e+06 8.508e+01 1.553e+00      1.593e+00
a[25]    6.503e+06 1.061e+02 1.936e+00      2.009e+00
a[26]    5.315e+06 9.193e+01 1.678e+00      1.675e+00
a[27]    4.635e+06 1.038e+02 1.896e+00      1.941e+00
a[28]    4.988e+06 6.781e+01 1.238e+00      1.259e+00
a[29]    2.534e+06 9.790e+01 1.787e+00      1.801e+00
a[30]    6.624e+06 9.835e+01 1.796e+00      1.795e+00
a[31]    6.261e+06 9.987e+01 1.823e+00      1.861e+00
a[32]    7.279e+06 7.475e+01 1.365e+00      1.365e+00
a[33]    7.382e+06 1.015e+02 1.853e+00      1.864e+00
a[34]    4.997e+06 9.992e+01 1.824e+00      1.875e+00
a[35]    2.429e+06 1.016e+02 1.856e+00      1.856e+00
a[36]    2.254e+06 8.904e+01 1.626e+00      1.570e+00
a[37]    5.368e+06 9.007e+01 1.645e+00      1.677e+00
a[38]    3.549e+06 8.710e+01 1.590e+00      1.591e+00
a[39]    2.914e+06 9.862e+01 1.800e+00      1.850e+00
a[40]    4.467e+06 8.267e+01 1.509e+00      1.538e+00
a[41]    4.595e+06 1.020e+02 1.863e+00      1.890e+00
a[42]    1.232e+06 4.967e+01 9.068e-01      8.433e-01
a[43]    4.192e+06 9.706e+01 1.772e+00      1.600e+00
a[44]    4.815e+06 7.915e+01 1.445e+00      1.445e+00
a[45]    5.139e+06 1.010e+02 1.843e+00      1.880e+00
a[46]    6.596e+06 1.043e+02 1.904e+00      1.909e+00
a[47]    4.307e+06 9.149e+01 1.670e+00      1.745e+00
a[48]    9.888e+06 7.117e+01 1.299e+00      1.300e+00
a[49]    3.783e+06 8.323e+01 1.520e+00      1.519e+00
a[50]    5.386e+06 5.650e+01 1.032e+00      9.878e-01
a[51]    2.452e+06 1.016e+02 1.856e+00      1.856e+00
a[52]    4.177e+06 4.844e+01 8.844e-01      9.101e-01
a[53]    5.573e+06 7.198e+01 1.314e+00      1.314e+00
a[54]    4.163e+06 7.733e+01 1.412e+00      1.412e+00
a[55]    2.457e+06 9.739e+01 1.778e+00      1.783e+00
a[56]    3.955e+06 8.167e+01 1.491e+00      1.354e+00
a[57]    5.480e+06 9.946e+01 1.816e+00      1.848e+00
a[58]    3.233e+06 9.302e+01 1.698e+00      1.734e+00
a[59]    1.675e+06 7.243e+01 1.322e+00      1.274e+00
a[60]    2.683e+06 7.879e+01 1.438e+00      1.439e+00
a[61]    3.910e+06 9.504e+01 1.735e+00      1.786e+00
a[62]    3.265e+06 9.355e+01 1.708e+00      1.737e+00
a[63]    5.936e+06 1.011e+02 1.846e+00      1.718e+00
a[64]    2.555e+06 6.749e+01 1.232e+00      1.232e+00
a[65]    6.045e+06 6.322e+01 1.154e+00      1.180e+00
a[66]    2.836e+06 9.855e+01 1.799e+00      1.840e+00
a[67]    9.183e+05 4.962e+01 9.060e-01      9.419e-01
a[68]    4.939e+06 9.772e+01 1.784e+00      1.815e+00
a[69]    5.656e+06 9.940e+01 1.815e+00      1.815e+00
a[70]    7.798e+06 9.556e+01 1.745e+00      1.775e+00
a[71]    3.457e+06 9.559e+01 1.745e+00      1.745e+00
a[72]    2.715e+06 4.737e+01 8.648e-01      8.475e-01
a[73]    4.989e+06 9.778e+01 1.785e+00      1.874e+00
a[74]    9.396e+06 1.009e+02 1.842e+00      1.883e+00
a[75]    5.649e+06 9.755e+01 1.781e+00      1.816e+00
a[76]    4.547e+06 9.877e+01 1.803e+00      1.800e+00
a[77]    4.594e+06 1.031e+02 1.882e+00      1.882e+00
a[78]    3.520e+06 1.033e+02 1.887e+00      1.944e+00
a[79]    2.434e+06 1.026e+02 1.873e+00      1.994e+00
a[80]    5.308e+06 8.375e+01 1.529e+00      1.515e+00
a[81]    5.546e+06 1.011e+02 1.845e+00      1.845e+00
a[82]    5.674e+06 1.025e+02 1.871e+00      1.893e+00
a[83]    8.594e+06 1.054e+02 1.925e+00      2.010e+00
a[84]    1.528e+07 7.772e+01 1.419e+00      1.418e+00
a[85]    1.809e+06 8.114e+01 1.481e+00      1.501e+00
a[86]    9.919e+06 7.921e+01 1.446e+00      1.446e+00
a[87]    1.860e+06 1.005e+02 1.835e+00      1.877e+00
a[88]    2.583e+06 1.005e+02 1.834e+00      1.871e+00
a[89]    5.830e+06 1.015e+02 1.853e+00      1.918e+00
a[90]    2.685e+06 7.513e+01 1.372e+00      1.372e+00
a[91]    4.520e+06 7.927e+01 1.447e+00      1.456e+00
a[92]    5.214e+06 8.581e+01 1.567e+00      1.565e+00
a[93]    3.520e+06 9.940e+01 1.815e+00      1.984e+00
a[94]    1.072e+07 9.736e+01 1.778e+00      1.778e+00
a[95]    2.463e+06 9.973e+01 1.821e+00      1.945e+00
a[96]    5.129e+06 1.012e+02 1.849e+00      1.816e+00
a[97]    3.606e+06 7.707e+01 1.407e+00      1.382e+00
a[98]    6.684e+06 9.302e+01 1.698e+00      1.667e+00
a[99]    6.302e+06 9.733e+01 1.777e+00      1.812e+00
a[100]   4.314e+06 9.477e+01 1.730e+00      1.745e+00
a[101]   5.517e+06 1.001e+02 1.827e+00      1.945e+00
a[102]   5.478e+06 8.296e+01 1.515e+00      1.477e+00
a[103]   1.107e+07 7.068e+01 1.290e+00      1.291e+00
a[104]   4.628e+06 1.024e+02 1.870e+00      2.072e+00
a[105]   3.354e+06 8.563e+01 1.563e+00      1.647e+00
a[106]   8.653e+06 1.045e+02 1.908e+00      1.915e+00
a[107]   9.415e+06 9.463e+01 1.728e+00      1.799e+00
a[108]   2.788e+06 8.986e+01 1.641e+00      1.634e+00
a[109]   5.549e+06 1.021e+02 1.864e+00      1.865e+00
a[110]   5.720e+06 1.022e+02 1.866e+00      1.807e+00
a[111]   5.115e+06 1.013e+02 1.850e+00      1.877e+00
a[112]   7.478e+06 8.613e+01 1.572e+00      1.556e+00
a[113]   6.435e+06 8.850e+01 1.616e+00      1.658e+00
a[114]   3.571e+06 8.840e+01 1.614e+00      1.584e+00
a[115]   6.921e+06 9.848e+01 1.798e+00      1.833e+00
a[116]   6.703e+05 4.467e+01 8.156e-01      7.997e-01
a[117]   3.893e+06 8.829e+01 1.612e+00      1.636e+00
a[118]   3.950e+06 9.995e+01 1.825e+00      1.989e+00
a[119]   4.474e+06 1.041e+02 1.901e+00      1.862e+00
a[120]   4.860e+06 9.111e+01 1.663e+00      1.708e+00
a[121]   3.019e+06 9.057e+01 1.654e+00      1.691e+00
a[122]   2.897e+06 8.259e+01 1.508e+00      1.540e+00
a[123]   9.674e+06 6.442e+01 1.176e+00      1.177e+00
a[124]   4.133e+06 8.216e+01 1.500e+00      1.499e+00
a[125]   8.601e+06 8.398e+01 1.533e+00      1.533e+00
a[126]   5.514e+06 1.014e+02 1.852e+00      1.940e+00
a[127]   5.495e+06 9.438e+01 1.723e+00      1.672e+00
a[128]   5.222e+06 1.019e+02 1.861e+00      1.910e+00
a[129]   5.546e+06 1.026e+02 1.874e+00      1.873e+00
a[130]   1.102e+06 5.641e+01 1.030e+00      1.012e+00
a[131]   3.815e+06 8.306e+01 1.517e+00      1.544e+00
a[132]   1.619e+06 7.766e+01 1.418e+00      1.418e+00
a[133]   2.589e+06 1.018e+02 1.858e+00      1.858e+00
a[134]   4.474e+06 1.021e+02 1.865e+00      1.906e+00
a[135]   3.124e+06 8.755e+01 1.598e+00      1.598e+00
a[136]   5.196e+06 1.008e+02 1.841e+00      1.769e+00
a[137]   7.261e+06 6.809e+01 1.243e+00      1.179e+00
a[138]   1.075e+07 8.129e+01 1.484e+00      1.515e+00
a[139]   4.396e+06 7.654e+01 1.398e+00      1.420e+00
a[140]   8.591e+05 5.717e+01 1.044e+00      1.044e+00
a[141]   7.403e+06 1.000e+02 1.826e+00      1.913e+00
a[142]   9.197e+06 1.046e+02 1.910e+00      1.950e+00
a[143]   5.449e+06 1.005e+02 1.835e+00      1.657e+00
a[144]   2.344e+06 9.771e+01 1.784e+00      1.871e+00
a[145]   4.980e+06 1.009e+02 1.842e+00      1.877e+00
a[146]   3.001e+06 1.020e+02 1.862e+00      1.904e+00
a[147]   7.601e+05 6.390e+01 1.167e+00      1.167e+00
a[148]   3.837e+06 8.365e+01 1.527e+00      1.528e+00
a[149]   6.807e+06 7.758e+01 1.416e+00      1.462e+00
a[150]   7.128e+06 1.034e+02 1.889e+00      1.873e+00
a[151]   9.195e+06 9.671e+01 1.766e+00      1.765e+00
a[152]   1.311e+06 5.713e+01 1.043e+00      1.100e+00
a[153]   2.981e+06 1.017e+02 1.857e+00      1.858e+00
a[154]   4.470e+06 1.014e+02 1.852e+00      1.787e+00
a[155]   7.404e+06 1.001e+02 1.827e+00      1.793e+00
a[156]   1.656e+06 7.829e+01 1.429e+00      1.430e+00
a[157]   2.635e+06 6.938e+01 1.267e+00      1.190e+00
a[158]   3.309e+06 9.503e+01 1.735e+00      1.694e+00
a[159]   4.569e+06 1.012e+02 1.847e+00      1.757e+00
a[160]   4.598e+06 1.018e+02 1.859e+00      1.804e+00
a[161]   4.565e+06 9.293e+01 1.697e+00      1.697e+00
a[162]   5.299e+06 1.007e+02 1.839e+00      1.872e+00
a[163]   8.401e+06 1.003e+02 1.832e+00      1.832e+00
a[164]   1.565e+07 8.339e+01 1.523e+00      1.538e+00
a[165]   5.133e+06 9.911e+01 1.810e+00      1.810e+00
a[166]   5.131e+06 1.007e+02 1.838e+00      2.003e+00
a[167]   3.474e+06 1.022e+02 1.866e+00      1.800e+00
a[168]   5.670e+06 1.001e+02 1.827e+00      1.858e+00
a[169]   4.385e+06 9.060e+01 1.654e+00      1.748e+00
a[170]   6.580e+06 1.019e+02 1.860e+00      1.860e+00
a[171]   4.704e+06 9.819e+01 1.793e+00      1.879e+00
a[172]   5.392e+06 9.189e+01 1.678e+00      1.529e+00
a[173]   2.298e+06 9.776e+01 1.785e+00      1.784e+00
a[174]   2.117e+06 9.195e+01 1.679e+00      1.641e+00
a[175]   4.409e+06 1.020e+02 1.863e+00      1.891e+00
a[176]   6.708e+06 8.942e+01 1.633e+00      1.632e+00
a[177]   1.430e+06 7.141e+01 1.304e+00      1.304e+00
a[178]   3.422e+06 9.976e+01 1.821e+00      1.790e+00
a[179]   6.265e+06 8.438e+01 1.541e+00      1.568e+00
a[180]   6.527e+06 8.088e+01 1.477e+00      1.445e+00
a[181]   1.635e+07 6.964e+01 1.272e+00      1.271e+00
a[182]   4.474e+06 1.012e+02 1.847e+00      2.004e+00
a[183]   6.129e+06 9.684e+01 1.768e+00      1.768e+00
a[184]   3.769e+06 8.121e+01 1.483e+00      1.477e+00
a[185]   3.164e+06 6.941e+01 1.267e+00      1.194e+00
a[186]   3.149e+06 8.955e+01 1.635e+00      1.662e+00
a[187]   6.101e+06 7.261e+01 1.326e+00      1.296e+00
a[188]   2.796e+06 8.107e+01 1.480e+00      1.428e+00
a[189]   8.545e+06 9.795e+01 1.788e+00      1.910e+00
a[190]   1.344e+07 8.073e+01 1.474e+00      1.473e+00
a[191]   7.145e+06 1.026e+02 1.874e+00      2.018e+00
a[192]   7.384e+06 7.431e+01 1.357e+00      1.357e+00
a[193]   2.020e+06 9.748e+01 1.780e+00      1.780e+00
a[194]   3.845e+06 9.841e+01 1.797e+00      1.751e+00
a[195]   2.891e+06 9.763e+01 1.783e+00      1.813e+00
a[196]   4.727e+06 9.269e+01 1.692e+00      1.734e+00
a[197]   2.544e+06 8.404e+01 1.534e+00      1.638e+00
a[198]   7.185e+06 1.009e+02 1.843e+00      1.893e+00
a[199]   7.773e+06 1.013e+02 1.850e+00      1.856e+00
a[200]   5.549e+06 1.003e+02 1.831e+00      1.830e+00
a[201]   3.044e+06 7.471e+01 1.364e+00      1.364e+00
a[202]   6.624e+06 1.018e+02 1.859e+00      1.898e+00
a[203]   8.406e+06 8.102e+01 1.479e+00      1.562e+00
a[204]   6.225e+06 9.890e+01 1.806e+00      1.789e+00
a[205]   5.196e+06 5.273e+01 9.627e-01      9.628e-01
a[206]   2.912e+06 9.644e+01 1.761e+00      1.757e+00
a[207]   3.026e+06 1.001e+02 1.828e+00      1.955e+00
a[208]   3.971e+06 1.006e+02 1.837e+00      1.802e+00
a[209]   1.940e+06 5.082e+01 9.278e-01      9.280e-01
a[210]   3.517e+06 9.996e+01 1.825e+00      1.822e+00
a[211]   3.701e+06 1.001e+02 1.828e+00      1.828e+00
a[212]   5.117e+06 1.020e+02 1.863e+00      1.862e+00
a[213]   7.571e+06 9.136e+01 1.668e+00      1.710e+00
a[214]   3.811e+06 6.095e+01 1.113e+00      1.112e+00
a[215]   2.405e+06 1.010e+02 1.845e+00      1.879e+00
a[216]   3.085e+06 5.644e+01 1.031e+00      1.012e+00
a[217]   6.663e+06 9.909e+01 1.809e+00      1.848e+00
a[218]   6.810e+06 9.422e+01 1.720e+00      1.744e+00
a[219]   3.125e+06 7.590e+01 1.386e+00      1.311e+00
a[220]   7.696e+06 1.002e+02 1.829e+00      2.009e+00
a[221]   4.462e+06 6.014e+01 1.098e+00      1.121e+00
a[222]   2.961e+06 9.756e+01 1.781e+00      1.600e+00
a[223]   3.574e+06 9.614e+01 1.755e+00      1.755e+00
a[224]   5.089e+06 9.177e+01 1.676e+00      1.692e+00
a[225]   5.097e+06 1.022e+02 1.866e+00      1.866e+00
a[226]   6.959e+06 1.023e+02 1.867e+00      1.940e+00
a[227]   4.971e+06 1.001e+02 1.828e+00      1.828e+00
a[228]   7.040e+06 1.031e+02 1.882e+00      1.882e+00
a[229]   1.961e+06 5.779e+01 1.055e+00      1.021e+00
a[230]   3.139e+06 9.478e+01 1.730e+00      1.730e+00
a[231]   7.318e+06 1.033e+02 1.886e+00      2.070e+00
a[232]   3.574e+06 1.010e+02 1.844e+00      1.866e+00
a[233]   5.133e+06 1.009e+02 1.843e+00      1.892e+00
a[234]   4.589e+06 1.006e+02 1.836e+00      1.913e+00
a[235]   3.021e+06 9.913e+01 1.810e+00      1.810e+00
a[236]   1.433e+06 2.787e+01 5.089e-01      5.320e-01
a[237]   2.446e+06 1.017e+02 1.857e+00      1.866e+00
a[238]   5.899e+06 8.592e+01 1.569e+00      1.744e+00
a[239]   7.159e+06 1.019e+02 1.861e+00      1.861e+00
a[240]   4.018e+06 7.105e+01 1.297e+00      1.378e+00
a[241]   4.122e+06 9.421e+01 1.720e+00      1.805e+00
a[242]   2.833e+06 9.543e+01 1.742e+00      1.742e+00
a[243]   5.548e+06 9.891e+01 1.806e+00      1.844e+00
a[244]   3.139e+06 7.982e+01 1.457e+00      1.457e+00
a[245]   2.755e+06 9.086e+01 1.659e+00      1.659e+00
a[246]   5.549e+06 9.827e+01 1.794e+00      1.857e+00
a[247]   2.746e+06 8.994e+01 1.642e+00      1.713e+00
a[248]   4.480e+06 1.042e+02 1.903e+00      1.966e+00
a[249]   6.624e+06 1.000e+02 1.826e+00      1.801e+00
a[250]   5.119e+06 1.029e+02 1.878e+00      1.878e+00
 [ reached getOption("max.print") -- omitted 880 rows ]

2. Quantiles for each variable:

              2.5%        25%        50%        75%      97.5%
a[1]     2.460e+06  2.460e+06  2.460e+06  2.460e+06  2.460e+06
a[2]     2.406e+06  2.406e+06  2.406e+06  2.406e+06  2.406e+06
a[3]     3.760e+06  3.760e+06  3.760e+06  3.760e+06  3.760e+06
a[4]     8.724e+05  8.725e+05  8.725e+05  8.726e+05  8.727e+05
a[5]     7.162e+06  7.162e+06  7.162e+06  7.162e+06  7.162e+06
a[6]     7.203e+06  7.203e+06  7.203e+06  7.203e+06  7.203e+06
a[7]     7.215e+06  7.215e+06  7.215e+06  7.215e+06  7.215e+06
a[8]     6.624e+06  6.624e+06  6.624e+06  6.624e+06  6.624e+06
a[9]     4.139e+06  4.140e+06  4.140e+06  4.140e+06  4.140e+06
a[10]    4.680e+06  4.680e+06  4.680e+06  4.680e+06  4.681e+06
a[11]    9.182e+06  9.182e+06  9.183e+06  9.183e+06  9.183e+06
a[12]    7.040e+06  7.040e+06  7.040e+06  7.040e+06  7.040e+06
a[13]    2.485e+06  2.485e+06  2.485e+06  2.485e+06  2.485e+06
a[14]    2.431e+06  2.431e+06  2.431e+06  2.431e+06  2.431e+06
a[15]    7.907e+06  7.907e+06  7.907e+06  7.907e+06  7.907e+06
a[16]    2.111e+06  2.111e+06  2.111e+06  2.111e+06  2.111e+06
a[17]    5.947e+06  5.947e+06  5.947e+06  5.947e+06  5.947e+06
a[18]    9.178e+06  9.178e+06  9.178e+06  9.179e+06  9.179e+06
a[19]    5.019e+06  5.019e+06  5.019e+06  5.019e+06  5.019e+06
a[20]    6.882e+06  6.882e+06  6.882e+06  6.882e+06  6.882e+06
a[21]    9.271e+06  9.271e+06  9.271e+06  9.271e+06  9.271e+06
a[22]    5.588e+06  5.588e+06  5.588e+06  5.588e+06  5.588e+06
a[23]    3.710e+06  3.710e+06  3.710e+06  3.710e+06  3.710e+06
a[24]    3.525e+06  3.525e+06  3.525e+06  3.525e+06  3.525e+06
a[25]    6.503e+06  6.503e+06  6.503e+06  6.503e+06  6.503e+06
a[26]    5.315e+06  5.315e+06  5.315e+06  5.315e+06  5.315e+06
a[27]    4.635e+06  4.635e+06  4.635e+06  4.635e+06  4.636e+06
a[28]    4.988e+06  4.988e+06  4.988e+06  4.988e+06  4.989e+06
a[29]    2.533e+06  2.533e+06  2.534e+06  2.534e+06  2.534e+06
a[30]    6.624e+06  6.624e+06  6.624e+06  6.624e+06  6.624e+06
a[31]    6.260e+06  6.261e+06  6.261e+06  6.261e+06  6.261e+06
a[32]    7.279e+06  7.279e+06  7.279e+06  7.279e+06  7.279e+06
a[33]    7.382e+06  7.382e+06  7.382e+06  7.382e+06  7.382e+06
a[34]    4.997e+06  4.997e+06  4.997e+06  4.997e+06  4.997e+06
a[35]    2.429e+06  2.429e+06  2.429e+06  2.429e+06  2.429e+06
a[36]    2.254e+06  2.254e+06  2.254e+06  2.254e+06  2.254e+06
a[37]    5.368e+06  5.368e+06  5.368e+06  5.368e+06  5.368e+06
a[38]    3.549e+06  3.549e+06  3.549e+06  3.549e+06  3.549e+06
a[39]    2.914e+06  2.914e+06  2.914e+06  2.914e+06  2.914e+06
a[40]    4.467e+06  4.467e+06  4.467e+06  4.467e+06  4.467e+06
a[41]    4.595e+06  4.595e+06  4.595e+06  4.595e+06  4.595e+06
a[42]    1.232e+06  1.232e+06  1.232e+06  1.232e+06  1.232e+06
a[43]    4.191e+06  4.192e+06  4.192e+06  4.192e+06  4.192e+06
a[44]    4.815e+06  4.815e+06  4.815e+06  4.815e+06  4.815e+06
a[45]    5.139e+06  5.139e+06  5.139e+06  5.139e+06  5.139e+06
a[46]    6.596e+06  6.596e+06  6.596e+06  6.596e+06  6.596e+06
a[47]    4.307e+06  4.307e+06  4.307e+06  4.307e+06  4.307e+06
a[48]    9.888e+06  9.888e+06  9.888e+06  9.889e+06  9.889e+06
a[49]    3.783e+06  3.783e+06  3.783e+06  3.783e+06  3.783e+06
a[50]    5.386e+06  5.386e+06  5.386e+06  5.386e+06  5.386e+06
a[51]    2.452e+06  2.452e+06  2.452e+06  2.452e+06  2.452e+06
a[52]    4.177e+06  4.177e+06  4.177e+06  4.177e+06  4.177e+06
a[53]    5.573e+06  5.573e+06  5.573e+06  5.573e+06  5.574e+06
a[54]    4.163e+06  4.163e+06  4.163e+06  4.163e+06  4.163e+06
a[55]    2.457e+06  2.457e+06  2.457e+06  2.457e+06  2.457e+06
a[56]    3.955e+06  3.955e+06  3.955e+06  3.955e+06  3.955e+06
a[57]    5.479e+06  5.480e+06  5.480e+06  5.480e+06  5.480e+06
a[58]    3.233e+06  3.233e+06  3.233e+06  3.233e+06  3.233e+06
a[59]    1.675e+06  1.675e+06  1.675e+06  1.676e+06  1.676e+06
a[60]    2.683e+06  2.683e+06  2.683e+06  2.684e+06  2.684e+06
a[61]    3.909e+06  3.910e+06  3.910e+06  3.910e+06  3.910e+06
a[62]    3.265e+06  3.265e+06  3.265e+06  3.265e+06  3.265e+06
a[63]    5.936e+06  5.936e+06  5.936e+06  5.936e+06  5.936e+06
a[64]    2.554e+06  2.555e+06  2.555e+06  2.555e+06  2.555e+06
a[65]    6.045e+06  6.045e+06  6.045e+06  6.045e+06  6.046e+06
a[66]    2.836e+06  2.836e+06  2.836e+06  2.836e+06  2.836e+06
a[67]    9.182e+05  9.182e+05  9.183e+05  9.183e+05  9.184e+05
a[68]    4.939e+06  4.939e+06  4.939e+06  4.939e+06  4.939e+06
a[69]    5.656e+06  5.656e+06  5.656e+06  5.656e+06  5.656e+06
a[70]    7.797e+06  7.798e+06  7.798e+06  7.798e+06  7.798e+06
a[71]    3.457e+06  3.457e+06  3.457e+06  3.457e+06  3.457e+06
a[72]    2.715e+06  2.715e+06  2.715e+06  2.715e+06  2.715e+06
a[73]    4.989e+06  4.989e+06  4.989e+06  4.989e+06  4.990e+06
a[74]    9.396e+06  9.396e+06  9.396e+06  9.396e+06  9.396e+06
a[75]    5.649e+06  5.649e+06  5.649e+06  5.649e+06  5.650e+06
a[76]    4.547e+06  4.547e+06  4.547e+06  4.547e+06  4.547e+06
a[77]    4.594e+06  4.594e+06  4.594e+06  4.595e+06  4.595e+06
a[78]    3.520e+06  3.520e+06  3.520e+06  3.520e+06  3.521e+06
a[79]    2.434e+06  2.434e+06  2.434e+06  2.434e+06  2.434e+06
a[80]    5.308e+06  5.308e+06  5.308e+06  5.308e+06  5.308e+06
a[81]    5.546e+06  5.546e+06  5.546e+06  5.547e+06  5.547e+06
a[82]    5.674e+06  5.674e+06  5.674e+06  5.674e+06  5.674e+06
a[83]    8.594e+06  8.594e+06  8.594e+06  8.595e+06  8.595e+06
a[84]    1.528e+07  1.528e+07  1.528e+07  1.528e+07  1.528e+07
a[85]    1.809e+06  1.809e+06  1.809e+06  1.809e+06  1.809e+06
a[86]    9.919e+06  9.919e+06  9.919e+06  9.920e+06  9.920e+06
a[87]    1.860e+06  1.860e+06  1.860e+06  1.860e+06  1.860e+06
a[88]    2.583e+06  2.583e+06  2.583e+06  2.583e+06  2.583e+06
a[89]    5.830e+06  5.830e+06  5.830e+06  5.830e+06  5.830e+06
a[90]    2.684e+06  2.685e+06  2.685e+06  2.685e+06  2.685e+06
a[91]    4.520e+06  4.520e+06  4.520e+06  4.520e+06  4.520e+06
a[92]    5.214e+06  5.214e+06  5.214e+06  5.214e+06  5.214e+06
a[93]    3.520e+06  3.520e+06  3.520e+06  3.521e+06  3.521e+06
a[94]    1.072e+07  1.072e+07  1.072e+07  1.072e+07  1.072e+07
a[95]    2.463e+06  2.463e+06  2.463e+06  2.463e+06  2.463e+06
a[96]    5.129e+06  5.129e+06  5.129e+06  5.129e+06  5.129e+06
a[97]    3.606e+06  3.606e+06  3.606e+06  3.606e+06  3.606e+06
a[98]    6.684e+06  6.684e+06  6.684e+06  6.684e+06  6.684e+06
a[99]    6.302e+06  6.302e+06  6.302e+06  6.302e+06  6.302e+06
a[100]   4.314e+06  4.314e+06  4.314e+06  4.314e+06  4.314e+06
a[101]   5.517e+06  5.517e+06  5.517e+06  5.518e+06  5.518e+06
a[102]   5.478e+06  5.478e+06  5.478e+06  5.478e+06  5.478e+06
a[103]   1.107e+07  1.107e+07  1.107e+07  1.107e+07  1.107e+07
a[104]   4.628e+06  4.628e+06  4.628e+06  4.628e+06  4.628e+06
a[105]   3.353e+06  3.353e+06  3.354e+06  3.354e+06  3.354e+06
a[106]   8.653e+06  8.653e+06  8.653e+06  8.653e+06  8.653e+06
a[107]   9.415e+06  9.415e+06  9.415e+06  9.415e+06  9.415e+06
a[108]   2.788e+06  2.788e+06  2.788e+06  2.788e+06  2.788e+06
a[109]   5.549e+06  5.549e+06  5.549e+06  5.549e+06  5.549e+06
a[110]   5.720e+06  5.720e+06  5.720e+06  5.720e+06  5.720e+06
a[111]   5.115e+06  5.115e+06  5.115e+06  5.115e+06  5.115e+06
a[112]   7.477e+06  7.477e+06  7.478e+06  7.478e+06  7.478e+06
a[113]   6.435e+06  6.435e+06  6.435e+06  6.435e+06  6.435e+06
a[114]   3.571e+06  3.571e+06  3.571e+06  3.571e+06  3.571e+06
a[115]   6.921e+06  6.921e+06  6.921e+06  6.921e+06  6.921e+06
a[116]   6.702e+05  6.702e+05  6.703e+05  6.703e+05  6.704e+05
a[117]   3.893e+06  3.893e+06  3.893e+06  3.893e+06  3.893e+06
a[118]   3.950e+06  3.950e+06  3.950e+06  3.950e+06  3.950e+06
a[119]   4.474e+06  4.474e+06  4.474e+06  4.474e+06  4.475e+06
a[120]   4.860e+06  4.860e+06  4.860e+06  4.860e+06  4.861e+06
a[121]   3.019e+06  3.019e+06  3.019e+06  3.019e+06  3.019e+06
a[122]   2.897e+06  2.897e+06  2.897e+06  2.897e+06  2.897e+06
a[123]   9.674e+06  9.674e+06  9.674e+06  9.674e+06  9.674e+06
a[124]   4.133e+06  4.133e+06  4.133e+06  4.133e+06  4.134e+06
a[125]   8.601e+06  8.601e+06  8.601e+06  8.601e+06  8.601e+06
a[126]   5.514e+06  5.514e+06  5.514e+06  5.514e+06  5.514e+06
a[127]   5.494e+06  5.495e+06  5.495e+06  5.495e+06  5.495e+06
a[128]   5.222e+06  5.222e+06  5.222e+06  5.222e+06  5.222e+06
a[129]   5.546e+06  5.546e+06  5.546e+06  5.546e+06  5.546e+06
a[130]   1.102e+06  1.102e+06  1.102e+06  1.102e+06  1.102e+06
a[131]   3.815e+06  3.815e+06  3.815e+06  3.815e+06  3.815e+06
a[132]   1.619e+06  1.619e+06  1.619e+06  1.619e+06  1.619e+06
a[133]   2.589e+06  2.589e+06  2.589e+06  2.589e+06  2.589e+06
a[134]   4.474e+06  4.474e+06  4.474e+06  4.474e+06  4.474e+06
a[135]   3.123e+06  3.124e+06  3.124e+06  3.124e+06  3.124e+06
a[136]   5.196e+06  5.196e+06  5.196e+06  5.196e+06  5.196e+06
a[137]   7.261e+06  7.261e+06  7.261e+06  7.261e+06  7.261e+06
a[138]   1.075e+07  1.075e+07  1.075e+07  1.075e+07  1.075e+07
a[139]   4.396e+06  4.396e+06  4.396e+06  4.396e+06  4.396e+06
a[140]   8.590e+05  8.591e+05  8.591e+05  8.592e+05  8.592e+05
a[141]   7.403e+06  7.403e+06  7.403e+06  7.403e+06  7.403e+06
a[142]   9.197e+06  9.197e+06  9.197e+06  9.197e+06  9.198e+06
a[143]   5.449e+06  5.449e+06  5.449e+06  5.449e+06  5.449e+06
a[144]   2.344e+06  2.344e+06  2.344e+06  2.344e+06  2.344e+06
a[145]   4.980e+06  4.980e+06  4.980e+06  4.980e+06  4.980e+06
a[146]   3.001e+06  3.001e+06  3.001e+06  3.001e+06  3.002e+06
a[147]   7.600e+05  7.601e+05  7.601e+05  7.602e+05  7.603e+05
a[148]   3.837e+06  3.837e+06  3.837e+06  3.837e+06  3.837e+06
a[149]   6.807e+06  6.807e+06  6.807e+06  6.807e+06  6.807e+06
a[150]   7.128e+06  7.128e+06  7.128e+06  7.128e+06  7.129e+06
a[151]   9.194e+06  9.195e+06  9.195e+06  9.195e+06  9.195e+06
a[152]   1.311e+06  1.311e+06  1.311e+06  1.311e+06  1.311e+06
a[153]   2.981e+06  2.981e+06  2.981e+06  2.981e+06  2.982e+06
a[154]   4.470e+06  4.470e+06  4.470e+06  4.470e+06  4.470e+06
a[155]   7.404e+06  7.404e+06  7.404e+06  7.404e+06  7.404e+06
a[156]   1.656e+06  1.656e+06  1.656e+06  1.656e+06  1.657e+06
a[157]   2.635e+06  2.635e+06  2.635e+06  2.635e+06  2.635e+06
a[158]   3.309e+06  3.309e+06  3.309e+06  3.309e+06  3.310e+06
a[159]   4.569e+06  4.569e+06  4.569e+06  4.569e+06  4.570e+06
a[160]   4.598e+06  4.598e+06  4.598e+06  4.598e+06  4.598e+06
a[161]   4.565e+06  4.565e+06  4.565e+06  4.565e+06  4.565e+06
a[162]   5.299e+06  5.299e+06  5.299e+06  5.300e+06  5.300e+06
a[163]   8.401e+06  8.401e+06  8.401e+06  8.401e+06  8.401e+06
a[164]   1.565e+07  1.565e+07  1.565e+07  1.565e+07  1.565e+07
a[165]   5.133e+06  5.133e+06  5.133e+06  5.133e+06  5.133e+06
a[166]   5.131e+06  5.131e+06  5.131e+06  5.131e+06  5.131e+06
a[167]   3.473e+06  3.474e+06  3.474e+06  3.474e+06  3.474e+06
a[168]   5.670e+06  5.670e+06  5.670e+06  5.670e+06  5.670e+06
a[169]   4.384e+06  4.384e+06  4.385e+06  4.385e+06  4.385e+06
a[170]   6.580e+06  6.580e+06  6.580e+06  6.581e+06  6.581e+06
a[171]   4.704e+06  4.704e+06  4.704e+06  4.704e+06  4.704e+06
a[172]   5.391e+06  5.392e+06  5.392e+06  5.392e+06  5.392e+06
a[173]   2.298e+06  2.298e+06  2.298e+06  2.298e+06  2.299e+06
a[174]   2.116e+06  2.116e+06  2.117e+06  2.117e+06  2.117e+06
a[175]   4.409e+06  4.409e+06  4.409e+06  4.409e+06  4.409e+06
a[176]   6.708e+06  6.708e+06  6.708e+06  6.708e+06  6.708e+06
a[177]   1.430e+06  1.430e+06  1.430e+06  1.430e+06  1.430e+06
a[178]   3.422e+06  3.422e+06  3.422e+06  3.422e+06  3.422e+06
a[179]   6.265e+06  6.265e+06  6.265e+06  6.265e+06  6.265e+06
a[180]   6.527e+06  6.527e+06  6.527e+06  6.527e+06  6.527e+06
a[181]   1.635e+07  1.635e+07  1.635e+07  1.635e+07  1.635e+07
a[182]   4.474e+06  4.474e+06  4.474e+06  4.474e+06  4.475e+06
a[183]   6.128e+06  6.129e+06  6.129e+06  6.129e+06  6.129e+06
a[184]   3.768e+06  3.769e+06  3.769e+06  3.769e+06  3.769e+06
a[185]   3.164e+06  3.164e+06  3.164e+06  3.164e+06  3.164e+06
a[186]   3.149e+06  3.149e+06  3.149e+06  3.149e+06  3.149e+06
a[187]   6.101e+06  6.101e+06  6.101e+06  6.101e+06  6.101e+06
a[188]   2.796e+06  2.796e+06  2.796e+06  2.796e+06  2.797e+06
a[189]   8.545e+06  8.545e+06  8.545e+06  8.546e+06  8.546e+06
a[190]   1.344e+07  1.344e+07  1.344e+07  1.344e+07  1.344e+07
a[191]   7.145e+06  7.145e+06  7.145e+06  7.145e+06  7.145e+06
a[192]   7.384e+06  7.384e+06  7.384e+06  7.384e+06  7.385e+06
a[193]   2.020e+06  2.020e+06  2.020e+06  2.020e+06  2.020e+06
a[194]   3.845e+06  3.845e+06  3.845e+06  3.845e+06  3.845e+06
a[195]   2.891e+06  2.891e+06  2.891e+06  2.891e+06  2.892e+06
a[196]   4.727e+06  4.727e+06  4.727e+06  4.728e+06  4.728e+06
a[197]   2.544e+06  2.544e+06  2.544e+06  2.544e+06  2.544e+06
a[198]   7.185e+06  7.185e+06  7.185e+06  7.185e+06  7.185e+06
a[199]   7.773e+06  7.773e+06  7.773e+06  7.773e+06  7.773e+06
a[200]   5.548e+06  5.548e+06  5.549e+06  5.549e+06  5.549e+06
 [ reached getOption("max.print") -- omitted 930 rows ]

