Number of chains = 3 
Number of iterations = 1000 per chain before discarding the burn-in period
Burn-in period = 0 per chain
Sample size in total = 3000 

****************** The Geweke diagnostic: ******************
Windows:
           chain 1 chain 2 chain 3
From start     0.1  0.8255  0.2175
From stop      0.5  0.0389  0.6818

Z-scores:
           chain 1   chain 2   chain 3
a[1]    -0.7375003  0.951764  1.752905
a[10]   -0.3410001  0.496226  0.078626
a[100]   0.5579252 -0.053956  0.189750
a[101]   1.9583853  1.260384 -1.280845
a[102]   0.0872049 -1.594660 -2.411835
a[103]  -0.1226254  0.405253 -0.869520
a[104]   0.2503583 -0.260775 -0.797735
a[105]   0.0650564  1.017750  1.092347
a[106]  -1.7347564  2.518740  0.742017
a[107]   0.1328580  0.535163  1.140629
a[108]  -0.1538300 -0.134713  1.733146
a[109]   0.2196974  0.822698  0.197277
a[11]    0.3473957  1.345484  0.643999
a[110]  -1.4099975  0.381482 -0.381245
a[111]  -2.6852883 -0.343190 -0.696891
a[112]   1.3738652  0.153904  0.871421
a[113]   0.7594483 -0.147210 -0.206291
a[114]   2.0359246  0.013953  0.714714
a[115]   2.4274576  0.009226 -0.015768
a[116]   1.6712252  0.981959  0.176006
a[117]   1.0532646  1.213207  1.027544
a[118]   0.8259270 -0.697836 -0.747370
a[119]   0.3829203 -0.576284 -0.163454
a[12]    0.4762758 -0.823641 -1.205304
a[120]  -0.9315598  0.647852  0.533776
a[121]  -2.4555075 -0.730509  2.036521
a[122]   1.8380079 -1.392259  0.360880
a[123]   1.8668676  1.243409 -2.274881
a[124]   0.2281153 -0.439387  0.673972
a[125]  -0.0496050 -1.015459  0.936456
a[126]   2.0246145  0.057811  1.015670
a[127]  -0.1760263 -1.174500  1.530088
a[128]   0.6639785 -0.529596 -0.361220
a[129]  -0.8192355  1.577758  0.558238
a[13]    0.6541930 -1.871498  0.543738
a[130]  -0.2487396 -1.050792 -2.036998
a[131]   0.1073365 -2.850221 -0.168245
a[132]  -0.5966667  1.491912 -1.343272
a[133]   0.4483232 -2.118484 -1.404949
a[134]   0.0296574  0.266045  1.185758
a[135]  -1.3114173  0.633226  1.168250
a[136]  -0.8301747 -0.624922 -0.190552
a[137]  -1.6916191  0.884074  0.130776
a[138]   1.7015431  3.547034  0.508008
a[139]  -0.8979941 -0.786559  0.740155
a[14]   -0.5885492  1.053836 -0.158201
a[140]  -0.0333208 -0.646155  0.797273
a[141]   0.6263976  0.144447 -0.293005
a[142]  -0.7951987 -0.223630 -0.300109
a[143]  -0.1467588  0.919628 -1.496932
a[144]  -0.4653210 -0.586410  0.095732
a[145]  -0.2139225  0.419103  0.141748
a[146]  -0.2489882 -0.026304 -0.039691
a[147]   0.4606299 -1.733074  0.354885
a[148]  -0.2961363 -1.371083 -1.419930
a[149]   0.4959555 -1.826087  0.426790
a[15]   -0.0051767  0.288004  0.433449
a[150]   1.5939391  0.214630  1.606793
a[151]   0.5252604  0.239093  1.046393
a[152]   0.6879692  1.443213 -0.016518
a[153]   0.0255429  0.258337 -1.281439
a[154]   1.1186972  1.596967  0.456122
a[155]  -1.1808515 -1.110404  1.526086
a[156]  -0.6830269  0.761817  0.981226
a[157]  -0.3267442 -2.001905  1.079184
a[158]   0.5078052  0.921331 -0.812927
a[159]   1.1465743 -1.510052 -0.730166
a[16]    0.0271286  0.269544  0.916444
a[160]  -0.8028341  1.467628 -0.759534
a[161]   1.5662364 -1.589905 -0.847893
a[162]  -0.1361990 -1.301001  0.877644
a[163]   1.5348758  0.268961  1.457976
a[164]   1.5248877 -0.445890  1.424988
a[165]   1.8342710 -0.417513  1.731544
a[166]  -0.6070124 -1.787920 -0.054243
a[167]   0.1959063  0.420630 -2.645322
a[168]  -0.9647575  0.598571  0.072544
a[169]   1.8582251 -0.609179 -1.059861
a[17]   -1.2912289 -0.623276 -0.398930
a[170]   0.6593837  0.326181 -2.025165
a[171]  -0.3652704 -1.619905  1.238977
a[172]   0.0002267  0.414387 -1.194216
a[173]  -0.3614366  1.324465 -3.717587
a[174]  -0.3177558  0.596092 -1.639767
a[175]   0.0066837  2.546530 -0.752567
a[176]   0.4712081 -0.981402  0.190797
a[177]   1.0539240  1.001929  0.276566
a[178]   0.2319396 -0.386632  0.039598
a[179]   0.8261366 -0.315996 -1.247127
a[18]    0.1435085  0.085855  0.047692
a[180]  -0.2643292  0.372338  1.247471
a[181]   1.3445320  0.991384 -0.706518
a[182]   0.6379379  1.209885 -0.307478
a[183]  -1.6190258 -0.872656  0.094737
a[184]   0.5623806 -1.710217  0.144989
a[185]   0.5126931 -1.174079 -2.275975
a[186]  -1.7746328 -0.013771  0.014831
a[187]   0.0002631 -1.665191 -0.034576
a[188]   0.9856801 -2.882720  0.672595
a[189]  -0.6339917  0.103604 -0.020355
a[19]    1.5198638 -1.734717 -0.005082
a[190]  -0.6282439 -1.505024 -0.810751
a[191]  -1.1801973  0.436074  0.697580
a[192]  -0.1816964  1.096648 -0.689237
a[193]  -0.0786157  0.319668  0.950163
a[194]  -0.2936932 -1.266206  1.054025
a[195]   2.6556335  1.349894  1.107756
a[196]  -0.8797419 -0.940902 -0.116867
a[197]  -1.0745378 -0.137770 -0.569397
a[198]   1.4521426  0.128814  0.888658
a[199]  -0.2529425 -0.452274  1.567772
a[2]    -0.6172643 -1.346254  1.387896
a[20]   -0.5584845  0.388924 -0.171760
a[200]  -0.6170368 -2.139362  1.142114
a[201]  -0.9767930  0.726889  0.052000
a[202]   0.6876904 -0.184471 -1.358110
a[203]   1.0369587 -0.452041  0.154691
a[204]   1.0153380  1.045822  1.609371
a[205]  -0.2693560 -1.289915  1.063361
a[206]  -0.9463378 -0.885391  2.000105
a[207]   0.7185648 -0.215206 -0.213910
a[208]  -0.7414680 -2.516897  0.298023
a[209]   1.2755783 -0.653090 -0.079904
a[21]   -0.4774688 -0.321302  0.898028
a[210]   1.5766777  0.332745  0.115165
a[211]  -0.0481657  0.341387 -0.272057
a[212]   0.6132155  1.321936  0.774400
a[213]  -1.9004298  0.156688  0.970197
a[214]   0.2580783 -0.002218  1.997482
a[215]   1.4808060 -0.151483  0.185247
a[216]  -0.0046898 -0.876519 -1.799726
a[217]   0.5372407  2.025653 -0.026818
a[218]   0.0528715 -0.715446 -0.863640
a[219]   1.1951256 -0.064439  0.267289
a[22]    1.1816064  0.092749  0.859078
a[220]   0.6485196 -0.729460 -0.549508
a[221]  -0.0723680  0.425858 -1.638119
a[222]  -3.8492084 -1.113992  0.445874
a[223]   1.3298421  1.273584  0.542970
a[224]  -0.5662694  1.053566  0.919417
a[225]  -0.3884624 -0.347313  0.690613
a[226]   1.4459362  2.414074 -0.291451
a[227]  -1.5297217  0.915687 -0.015836
a[228]   0.4389642  0.908359 -0.730699
a[229]   0.0639640  1.439412 -1.278726
a[23]    0.7194700 -0.443844 -1.298239
a[230]   1.7191655 -0.038752 -1.698534
a[231]  -0.6586264  1.381201  0.366933
a[232]   0.4471893 -0.545833  0.707873
a[233]  -0.4764062 -0.840680  0.769615
a[234]  -0.6765988 -1.205106 -1.237053
a[235]   0.4280464  0.245143 -0.916114
a[236]   0.0137831 -0.132989 -2.148993
a[237]   0.6927096  1.770944 -1.059330
a[238]   1.4549041  1.559969  0.317235
a[239]  -0.4991201  0.018658  0.233886
a[24]   -1.7554785  0.203687  1.045589
a[240]  -0.1789987 -1.454283 -0.900381
a[241]  -0.7249213  0.468599 -1.405797
a[242]   0.9761097 -0.162770 -0.195823
a[243]   1.0486001 -0.701511  3.136787
a[244]  -1.3802544  0.362719  0.354910
a[245]  -0.5519864 -0.194367 -0.384061
a[246]   0.0031640 -3.671636  0.989734
a[247]  -1.0081417  0.157605  0.941772
a[248]   0.0313070 -0.579772 -0.881295
a[249]  -0.0512719 -0.849964 -0.356001
a[25]    1.1313181  0.603277  1.501145
a[250]  -0.4194996 -1.519149  0.864211
a[251]  -0.6478792  1.148599 -0.013716
a[252]  -0.5548592  0.148262  0.329391
a[253]  -0.9209937  1.466153  2.034948
a[254]   0.3126635  0.463158 -0.663259
a[255]  -0.7826384  0.636918  0.398800
a[256]   1.4560747 -0.485524  0.289747
a[257]   0.5658412 -0.397751 -0.345328
a[258]  -0.7457604  0.863090 -0.009585
a[259]   1.3273206 -1.267646 -1.435396
a[26]   -0.6769325  1.678276 -0.703210
a[260]  -0.3094598  0.282550 -0.061454
a[261]  -0.2038010 -1.259604  0.356086
a[262]   0.8931165  0.048990  1.376568
a[263]  -0.3032647  0.572553  0.101451
a[264]  -2.1322356  0.435272  0.231717
a[265]  -0.6981854  0.745483 -0.200030
a[266]   1.2692644 -0.848211 -0.816117
a[267]   0.2467883  0.666469  1.570000
a[268]   2.0324699 -0.170218 -2.408962
a[269]  -0.0892749 -1.294985 -0.040859
a[27]   -1.2975792  0.694985  1.917230
a[270]  -0.3060987  1.722550  1.006489
a[271]  -0.6193531 -1.124571 -1.267585
a[272]  -1.0124561 -0.180056  0.794288
a[273]   0.8158600 -0.140286  1.719708
a[274]  -0.3926335  1.347837  0.768920
a[275]  -0.3702899 -2.046238 -0.769495
a[276]  -0.6250570 -0.868370  0.771135
a[277]  -0.9937504 -0.047448 -2.497355
a[278]  -0.6511823 -0.154456 -0.054128
a[279]  -2.1883980  1.668923  0.766152
a[28]   -1.5936259 -0.644389  1.059082
a[280]  -0.1633305  0.731705 -0.043099
a[281]   0.2263114  0.354812 -0.018051
a[282]  -0.8400290  0.831706  1.061044
a[283]   0.4648685 -0.205486 -0.120313
a[284]   1.0014967  0.671618 -1.052139
a[285]   0.7754492  0.376403  0.010065
a[286]  -2.4405062 -0.131556  0.073817
a[287]   0.2757851  0.856605  0.116264
a[288]  -1.4316232 -0.285212 -0.148448
a[289]  -0.0242725 -0.353860  1.241530
a[29]    1.0773750 -0.485809 -1.805629
a[290]   0.8318942 -2.973469 -0.036024
a[291]   0.8409539  0.922540 -0.061744
a[292]  -0.2065766  0.419267 -0.660175
a[293]   2.3260742  0.215954  1.753591
a[294]   0.7883436  2.184007  0.373378
a[295]  -0.4453466  0.105453  0.231937
a[296]   0.5017131 -1.425005  1.019300
a[297]   0.3163852 -0.761355  1.349058
a[298]  -0.9591002  0.097283 -1.128141
a[299]   0.4067457  2.067807  0.755405
a[3]    -1.2484361 -0.462504 -0.855106
a[30]   -2.4945675 -2.049691 -0.135187
a[300]   0.8062764 -0.885558  1.663216
a[301]   0.9556893  1.579839 -0.787288
a[302]   0.4178394  0.834860  2.049717
a[303]   0.9649044 -0.360517 -0.376559
a[304]  -0.0472092 -0.938709  0.736603
a[305]  -0.4491111 -0.095553  0.619018
a[306]   1.5294335 -0.913802  0.062657
a[307]  -0.2474869 -1.447271  1.197809
a[308]  -1.7198821 -0.569804  1.623404
a[309]  -0.5210108 -0.228316 -0.138065
a[31]    2.2787333 -0.133091 -0.865731
a[310]   0.3661929 -1.129000 -1.164245
a[311]  -1.4965230 -0.030612 -0.323975
a[312]   1.6671500 -0.274888  1.470038
a[313]   0.2847506  0.102413 -0.385229
a[314]  -0.0248591  0.797834 -1.390609
a[315]  -0.4955445 -0.108760  0.073691
a[316]  -0.4665760  1.299843  0.236868
a[317]   0.0850362 -0.542657 -0.598706
a[318]  -0.3643224  0.060604  1.309012
a[319]   0.3969143  0.457141 -1.399063
a[32]    1.2949516  2.547042 -0.650086
a[320]   1.1500593 -0.992708  0.305490
a[321]   0.2876423  0.056011  1.796390
a[322]   1.3660650 -1.229435  0.468189
a[323]  -0.7626587  0.990030  0.405455
a[324]   0.2656992  0.014728 -0.200953
a[325]  -2.2187693 -0.156839  0.786488
a[326]  -1.8076299 -2.008495  1.373022
a[327]   0.6110952 -0.660762 -1.249225
a[328]   0.6409220  0.355925  1.121181
a[329]   1.7754180 -0.844256 -0.804747
a[33]    0.2447961 -0.014502  1.008778
a[330]  -0.9552343 -0.609584 -0.981962
a[331]  -0.4236507 -2.385926 -0.384214
a[332]  -0.1806025  0.291471 -0.781824
a[333]   0.0329323  0.693010  0.492888
a[334]   0.1141456 -0.399676 -1.406339
a[335]   0.5671080  0.773717  0.578895
a[336]  -0.3564669 -0.752996  1.314498
a[337]  -0.3039160 -0.332272  1.587851
a[338]  -0.8319025  0.375969  0.814751
a[339]   0.2154677  0.015358  0.354429
a[34]   -0.9554049 -0.056096 -0.260528
a[340]   1.1829378 -0.825034 -0.113634
a[341]   0.8519474  0.019828  0.006892
a[342]   0.9177631  1.021449 -0.334319
a[343]   0.7030788 -0.208399  0.563929
a[344]   1.1635165 -0.541131 -0.381296
a[345]  -0.6993385  1.120961  0.233899
a[346]  -1.6169625  0.383843 -1.230453
a[347]   0.7689833 -0.466623  1.043896
a[348]  -0.5852800  2.168495  0.230542
a[349]   0.7286738 -0.458659 -0.850054
a[35]    0.8091457  1.322129  1.221488
a[350]   1.2212446  0.017285 -0.662446
a[351]  -1.0820979  1.331064  0.092849
a[352]   0.0551864  0.941906 -0.471911
a[353]  -2.2223691 -0.924217  1.176306
a[354]   0.4528445  0.301134 -2.232706
a[355]  -0.8279748  0.071622 -0.063091
a[356]  -0.5521263 -1.258545  0.728066
a[357]   1.4067958  0.710374  1.635535
a[358]   0.1642095 -3.068800 -0.118484
a[359]   0.8239720 -0.452021 -0.658946
a[36]    1.5093228 -0.240391  0.459867
a[360]  -0.7130116 -1.603241 -2.581759
a[361]  -0.0719284 -0.721595 -0.099980
a[362]  -0.8216077 -0.410678 -0.201532
a[363]  -0.1820919  0.170259 -0.047168
a[364]  -0.2724345  1.439233  1.732488
a[365]  -1.3211437  2.081068  0.757835
a[366]   1.4695055  0.123486 -0.949890
a[367]  -0.2959941  0.334818  2.498363
a[368]  -1.0532301  0.207007  0.388625
a[369]  -0.1925611  1.748489  1.653978
a[37]   -0.2370672  0.924737  1.438926
a[370]   0.7290601  0.004660 -1.228726
a[371]   1.2199172 -0.441664  0.014178
a[372]  -0.4607021 -0.871101  1.128361
a[373]   0.6113401  0.084562  1.225264
a[374]  -0.8855207 -2.173891 -0.161206
a[375]   0.4159329 -1.822571  0.415167
a[376]  -1.6764749  0.985949  0.116955
a[377]  -0.8941672 -0.050485  1.610941
a[378]  -1.8666191 -0.870809 -2.053959
a[379]   1.7167099  0.320103 -1.128817
a[38]    2.2177017  1.458415  1.306653
a[380]  -0.3577703 -2.136903 -1.229389
a[381]   0.1402265 -0.049746 -0.225643
a[382]  -0.1637881  1.373073  1.278649
a[383]  -0.2986582 -0.355257  0.293552
a[384]   1.4917353 -0.089735 -0.095471
a[385]  -0.3514104  0.564064  0.331059
a[386]   2.4321712  0.670153 -3.425469
a[387]  -1.7392382  0.593701  0.644741
a[388]   0.0243520  1.152593 -0.881806
a[389]   0.8493262 -0.469022  0.338945
a[39]    0.7718759  0.529882 -0.322717
a[390]   0.4580676 -0.306161  0.119159
a[391]   1.7691611  0.342896  0.623226
a[392]  -0.3891736  1.345164 -1.948865
a[393]  -0.1960008  0.299338 -0.412474
a[394]   2.1163476  1.936026 -0.454217
a[395]  -0.4800793 -0.359754  0.510805
a[396]  -0.6692204  1.285475 -0.534717
a[397]   0.0542708  0.600002 -1.445132
a[398]  -0.7679033  0.298668  1.249254
a[399]  -1.2541347  0.352105  0.151127
 [ reached getOption("max.print") -- omitted 797 rows ]

*************** The Gelman-Rubin diagnostic: ***************
Potential scale reduction factors:
        Point est. Upper C.I.
a[1]        1.0009     1.0043
a[10]       1.0007     1.0030
a[100]      1.0013     1.0037
a[101]      1.0037     1.0128
a[102]      1.0002     1.0004
a[103]      1.0003     1.0023
a[104]      1.0000     1.0001
a[105]      0.9997     1.0002
a[106]      1.0001     1.0013
a[107]      1.0012     1.0047
a[108]      1.0006     1.0025
a[109]      1.0021     1.0090
a[11]       1.0002     1.0017
a[110]      0.9999     1.0009
a[111]      0.9998     0.9998
a[112]      1.0005     1.0030
a[113]      1.0002     1.0019
a[114]      1.0019     1.0061
a[115]      1.0001     1.0010
a[116]      0.9997     1.0003
a[117]      1.0003     1.0022
a[118]      1.0009     1.0044
a[119]      1.0006     1.0033
a[12]       1.0005     1.0026
a[120]      0.9999     1.0009
a[121]      1.0003     1.0015
a[122]      1.0027     1.0067
a[123]      1.0034     1.0120
a[124]      0.9998     1.0004
a[125]      0.9997     1.0002
a[126]      1.0019     1.0077
a[127]      1.0004     1.0007
a[128]      1.0008     1.0027
a[129]      0.9997     0.9998
a[13]       1.0007     1.0034
a[130]      1.0008     1.0038
a[131]      1.0006     1.0035
a[132]      1.0001     1.0009
a[133]      1.0006     1.0026
a[134]      1.0003     1.0016
a[135]      1.0003     1.0015
a[136]      0.9996     0.9996
a[137]      1.0024     1.0083
a[138]      1.0005     1.0030
a[139]      1.0004     1.0024
a[14]       0.9998     0.9999
a[140]      0.9998     1.0003
a[141]      1.0020     1.0081
a[142]      1.0003     1.0022
a[143]      1.0003     1.0023
a[144]      1.0004     1.0027
a[145]      1.0010     1.0045
a[146]      1.0009     1.0039
a[147]      1.0000     1.0013
a[148]      1.0004     1.0025
a[149]      1.0009     1.0033
a[15]       1.0002     1.0012
a[150]      1.0002     1.0016
a[151]      1.0001     1.0011
a[152]      1.0012     1.0038
a[153]      1.0002     1.0010
a[154]      1.0020     1.0086
a[155]      0.9999     1.0002
a[156]      1.0001     1.0013
a[157]      1.0015     1.0021
a[158]      1.0002     1.0009
a[159]      1.0012     1.0045
a[16]       0.9998     0.9998
a[160]      1.0000     1.0004
a[161]      0.9998     1.0004
a[162]      1.0002     1.0010
a[163]      1.0000     1.0003
a[164]      1.0003     1.0024
a[165]      1.0008     1.0018
a[166]      0.9996     0.9999
a[167]      0.9998     1.0001
a[168]      1.0019     1.0079
a[169]      1.0006     1.0032
a[17]       1.0002     1.0013
a[170]      1.0001     1.0017
a[171]      1.0001     1.0016
a[172]      1.0016     1.0071
a[173]      1.0010     1.0036
a[174]      0.9999     1.0008
a[175]      1.0002     1.0014
a[176]      1.0009     1.0023
a[177]      1.0004     1.0026
a[178]      1.0000     1.0006
a[179]      1.0002     1.0018
a[18]       1.0006     1.0021
a[180]      0.9998     1.0000
a[181]      0.9999     1.0002
a[182]      1.0012     1.0054
a[183]      1.0003     1.0020
a[184]      1.0000     1.0014
a[185]      1.0002     1.0003
a[186]      1.0001     1.0013
a[187]      1.0003     1.0018
a[188]      0.9998     1.0006
a[189]      1.0014     1.0061
a[19]       1.0014     1.0063
a[190]      1.0001     1.0002
a[191]      1.0000     1.0006
a[192]      0.9999     1.0003
a[193]      1.0001     1.0011
a[194]      0.9999     1.0003
a[195]      1.0021     1.0069
a[196]      1.0004     1.0022
a[197]      1.0001     1.0012
a[198]      1.0002     1.0003
a[199]      1.0004     1.0016
a[2]        1.0003     1.0007
a[20]       1.0007     1.0032
a[200]      1.0007     1.0030
a[201]      0.9997     0.9998
a[202]      1.0000     1.0014
a[203]      0.9998     1.0000
a[204]      1.0000     1.0005
a[205]      1.0021     1.0052
a[206]      1.0001     1.0006
a[207]      0.9998     1.0000
a[208]      1.0005     1.0023
a[209]      1.0015     1.0051
a[21]       1.0001     1.0012
a[210]      1.0011     1.0040
a[211]      0.9997     1.0000
a[212]      0.9999     1.0005
a[213]      1.0015     1.0022
a[214]      1.0004     1.0022
a[215]      1.0018     1.0058
a[216]      1.0006     1.0034
a[217]      1.0003     1.0015
a[218]      1.0007     1.0037
a[219]      1.0005     1.0011
a[22]       1.0003     1.0013
a[220]      1.0002     1.0011
a[221]      1.0004     1.0027
a[222]      1.0004     1.0022
a[223]      0.9998     1.0001
a[224]      0.9998     0.9999
a[225]      1.0013     1.0060
a[226]      1.0012     1.0051
a[227]      1.0015     1.0052
a[228]      1.0012     1.0036
a[229]      0.9997     1.0000
a[23]       0.9996     1.0000
a[230]      0.9998     1.0005
a[231]      1.0002     1.0012
a[232]      0.9996     0.9998
a[233]      1.0020     1.0069
a[234]      1.0007     1.0021
a[235]      1.0002     1.0014
a[236]      1.0004     1.0025
a[237]      1.0002     1.0003
a[238]      0.9997     1.0002
a[239]      1.0001     1.0013
a[24]       1.0003     1.0005
a[240]      0.9999     1.0007
a[241]      1.0000     1.0007
a[242]      0.9996     0.9997
a[243]      1.0009     1.0038
a[244]      1.0004     1.0025
a[245]      1.0008     1.0032
a[246]      1.0007     1.0026
a[247]      1.0000     1.0007
a[248]      0.9999     1.0004
a[249]      1.0005     1.0018
a[25]       1.0010     1.0041
a[250]      0.9997     1.0002
a[251]      1.0013     1.0022
a[252]      1.0000     1.0010
a[253]      0.9999     1.0005
a[254]      1.0004     1.0022
a[255]      1.0007     1.0034
a[256]      1.0008     1.0030
a[257]      1.0029     1.0090
a[258]      0.9999     1.0005
a[259]      1.0000     1.0009
a[26]       1.0014     1.0059
a[260]      1.0005     1.0018
a[261]      1.0004     1.0028
a[262]      1.0009     1.0020
a[263]      1.0002     1.0003
a[264]      1.0015     1.0055
a[265]      1.0006     1.0026
a[266]      1.0000     1.0005
a[267]      1.0020     1.0077
a[268]      1.0019     1.0061
a[269]      0.9996     0.9998
a[27]       1.0010     1.0047
a[270]      1.0015     1.0065
a[271]      1.0019     1.0079
a[272]      1.0001     1.0011
a[273]      1.0020     1.0078
a[274]      1.0000     1.0012
a[275]      0.9999     1.0009
a[276]      1.0001     1.0009
a[277]      1.0004     1.0011
a[278]      1.0010     1.0034
a[279]      1.0006     1.0032
a[28]       0.9996     0.9999
a[280]      0.9998     1.0006
a[281]      0.9997     1.0004
a[282]      1.0012     1.0028
a[283]      1.0015     1.0065
a[284]      1.0004     1.0026
a[285]      0.9997     1.0003
a[286]      0.9999     1.0005
a[287]      1.0005     1.0011
a[288]      1.0011     1.0042
a[289]      0.9996     0.9997
a[29]       1.0003     1.0023
a[290]      1.0003     1.0025
a[291]      1.0008     1.0022
a[292]      1.0014     1.0057
a[293]      1.0016     1.0053
a[294]      1.0009     1.0043
a[295]      0.9997     1.0001
a[296]      1.0015     1.0062
a[297]      1.0005     1.0006
a[298]      1.0000     1.0011
a[299]      1.0026     1.0079
a[3]        1.0006     1.0028
a[30]       1.0016     1.0068
a[300]      1.0009     1.0014
a[301]      1.0003     1.0024
a[302]      1.0005     1.0027
a[303]      0.9997     1.0000
a[304]      0.9996     0.9997
a[305]      0.9996     0.9999
a[306]      1.0004     1.0027
a[307]      1.0031     1.0101
a[308]      1.0009     1.0023
a[309]      1.0009     1.0026
a[31]       1.0009     1.0040
a[310]      0.9999     1.0007
a[311]      0.9999     1.0006
a[312]      0.9997     1.0001
a[313]      1.0002     1.0017
a[314]      0.9998     1.0004
a[315]      0.9999     1.0006
a[316]      1.0003     1.0010
a[317]      1.0002     1.0005
a[318]      0.9998     0.9998
a[319]      1.0010     1.0034
a[32]       1.0004     1.0012
a[320]      0.9997     0.9997
a[321]      1.0005     1.0027
a[322]      1.0014     1.0052
a[323]      1.0001     1.0007
a[324]      0.9996     0.9996
a[325]      1.0015     1.0062
a[326]      1.0001     1.0005
a[327]      1.0001     1.0015
a[328]      1.0001     1.0012
a[329]      1.0007     1.0013
a[33]       1.0006     1.0034
a[330]      1.0000     1.0010
a[331]      1.0000     1.0006
a[332]      1.0000     1.0010
a[333]      1.0003     1.0024
a[334]      1.0001     1.0010
a[335]      1.0007     1.0029
a[336]      1.0007     1.0029
a[337]      1.0034     1.0127
a[338]      0.9998     1.0002
a[339]      0.9999     1.0008
a[34]       1.0003     1.0014
a[340]      1.0001     1.0005
a[341]      0.9999     0.9999
a[342]      1.0016     1.0067
a[343]      0.9997     1.0002
a[344]      1.0022     1.0034
a[345]      0.9999     1.0003
a[346]      1.0008     1.0032
a[347]      0.9998     1.0004
a[348]      0.9999     1.0007
a[349]      1.0008     1.0010
a[35]       1.0000     1.0013
a[350]      1.0007     1.0038
a[351]      1.0005     1.0028
a[352]      1.0001     1.0002
a[353]      1.0006     1.0022
a[354]      1.0004     1.0012
a[355]      0.9996     0.9997
a[356]      1.0020     1.0082
a[357]      1.0000     1.0002
a[358]      1.0002     1.0005
a[359]      1.0008     1.0025
a[36]       1.0030     1.0100
a[360]      1.0024     1.0073
a[361]      0.9999     1.0009
a[362]      1.0009     1.0042
a[363]      1.0010     1.0025
a[364]      0.9999     1.0004
a[365]      1.0004     1.0022
a[366]      1.0004     1.0023
a[367]      0.9997     1.0003
a[368]      1.0004     1.0028
a[369]      1.0014     1.0057
a[37]       1.0000     1.0014
a[370]      1.0009     1.0036
a[371]      1.0024     1.0080
a[372]      1.0016     1.0027
a[373]      0.9995     0.9996
a[374]      0.9999     1.0007
a[375]      0.9998     1.0003
a[376]      1.0010     1.0045
a[377]      1.0002     1.0009
a[378]      1.0002     1.0012
a[379]      1.0001     1.0003
a[38]       0.9999     0.9999
a[380]      1.0005     1.0021
a[381]      1.0002     1.0012
a[382]      1.0002     1.0007
a[383]      1.0004     1.0024
a[384]      1.0010     1.0041
a[385]      1.0004     1.0013
a[386]      1.0003     1.0007
a[387]      0.9999     1.0003
a[388]      1.0006     1.0019
a[389]      1.0015     1.0061
a[39]       0.9997     1.0003
a[390]      0.9998     1.0003
a[391]      0.9999     1.0007
a[392]      0.9997     1.0001
a[393]      0.9997     1.0000
a[394]      1.0007     1.0018
a[395]      1.0005     1.0028
a[396]      1.0003     1.0013
a[397]      1.0000     1.0013
a[398]      1.0000     1.0003
a[399]      1.0005     1.0008
a[4]        1.0004     1.0017
a[40]       0.9998     0.9998
a[400]      1.0005     1.0025
a[401]      1.0008     1.0028
a[402]      1.0004     1.0009
a[403]      1.0001     1.0009
a[404]      1.0002     1.0007
a[405]      1.0016     1.0065
a[406]      1.0015     1.0060
a[407]      1.0001     1.0015
a[408]      1.0002     1.0011
a[409]      1.0009     1.0044
a[41]       1.0000     1.0013
a[410]      1.0001     1.0012
a[411]      1.0001     1.0007
a[412]      1.0020     1.0061
a[413]      0.9999     1.0001
a[414]      1.0005     1.0027
a[415]      1.0001     1.0006
a[416]      0.9999     1.0001
a[417]      0.9997     0.9998
a[418]      1.0030     1.0113
a[419]      1.0000     1.0004
a[42]       1.0007     1.0036
a[420]      1.0012     1.0055
a[421]      1.0005     1.0020
a[422]      1.0000     1.0014
a[423]      1.0001     1.0015
a[424]      1.0000     1.0003
a[425]      1.0006     1.0032
a[426]      1.0024     1.0077
a[427]      0.9999     1.0008
a[428]      1.0015     1.0033
a[429]      0.9996     0.9999
a[43]       0.9997     0.9999
a[430]      1.0011     1.0012
a[431]      1.0006     1.0034
a[432]      1.0008     1.0034
a[433]      0.9999     1.0008
a[434]      0.9996     0.9996
a[435]      0.9998     1.0006
a[436]      0.9998     1.0000
a[437]      1.0018     1.0075
a[438]      1.0025     1.0089
a[439]      1.0014     1.0048
a[44]       1.0006     1.0034
a[440]      1.0000     1.0011
a[441]      1.0004     1.0025
a[442]      1.0019     1.0047
a[443]      1.0012     1.0039
a[444]      1.0001     1.0012
a[445]      1.0002     1.0018
a[446]      1.0001     1.0007
a[447]      1.0001     1.0012
a[448]      0.9998     0.9999
a[449]      1.0008     1.0036
a[45]       1.0055     1.0201
a[450]      1.0005     1.0031
a[451]      1.0010     1.0036
a[452]      1.0008     1.0035
a[453]      1.0018     1.0071
a[454]      1.0015     1.0057
a[455]      1.0000     1.0007
a[456]      1.0005     1.0028
a[457]      1.0002     1.0020
a[458]      0.9997     1.0001
a[459]      1.0006     1.0031
a[46]       1.0002     1.0015
a[460]      0.9997     1.0000
a[461]      1.0005     1.0027
a[462]      1.0006     1.0018
a[463]      0.9999     1.0006
a[464]      1.0009     1.0009
a[465]      1.0005     1.0026
a[466]      1.0001     1.0014
a[467]      1.0007     1.0037
a[468]      1.0007     1.0014
a[469]      1.0004     1.0018
a[47]       1.0005     1.0010
a[470]      0.9999     1.0008
a[471]      1.0010     1.0029
a[472]      1.0004     1.0012
a[473]      1.0033     1.0121
a[474]      0.9996     0.9998
a[475]      1.0005     1.0025
a[476]      0.9997     0.9998
a[477]      0.9998     1.0005
a[478]      1.0000     1.0002
a[479]      1.0013     1.0035
a[48]       1.0005     1.0027
a[480]      1.0001     1.0008
a[481]      0.9997     0.9999
a[482]      1.0010     1.0044
a[483]      1.0001     1.0003
a[484]      1.0008     1.0026
a[485]      1.0000     1.0007
a[486]      1.0001     1.0010
a[487]      1.0005     1.0027
a[488]      1.0002     1.0016
a[489]      1.0009     1.0026
a[49]       1.0003     1.0015
a[490]      1.0005     1.0012
a[491]      1.0015     1.0062
a[492]      1.0016     1.0068
a[493]      1.0003     1.0022
a[494]      1.0005     1.0031
a[495]      0.9998     1.0000
a[496]      0.9999     1.0006
a[497]      1.0024     1.0095
a[498]      1.0004     1.0015
a[499]      1.0022     1.0066
a[5]        1.0001     1.0011
a[50]       1.0010     1.0044
a[500]      0.9998     1.0002
a[501]      1.0015     1.0045
a[502]      1.0001     1.0006
a[503]      1.0001     1.0010
a[504]      1.0009     1.0040
a[505]      1.0020     1.0078
a[506]      1.0003     1.0021
a[507]      0.9999     1.0005
a[508]      1.0004     1.0015
a[509]      1.0004     1.0023
a[51]       1.0004     1.0019
a[510]      0.9998     0.9999
a[511]      1.0002     1.0010
a[512]      0.9999     1.0008
a[513]      1.0022     1.0074
a[514]      1.0016     1.0054
a[515]      1.0029     1.0108
a[516]      0.9995     0.9996
a[517]      0.9999     1.0005
a[518]      1.0009     1.0043
a[519]      0.9999     1.0002
a[52]       1.0011     1.0039
a[520]      1.0003     1.0016
a[521]      1.0008     1.0038
a[522]      1.0001     1.0002
a[523]      1.0006     1.0034
a[524]      1.0011     1.0031
a[525]      1.0009     1.0042
a[526]      1.0023     1.0094
a[527]      1.0007     1.0034
a[528]      1.0004     1.0020
a[529]      0.9998     1.0006
a[53]       1.0008     1.0011
a[530]      0.9999     1.0000
a[531]      0.9998     1.0001
a[532]      1.0012     1.0057
a[533]      0.9999     1.0002
a[534]      1.0003     1.0019
a[535]      0.9997     1.0002
a[536]      0.9997     1.0000
a[537]      1.0002     1.0017
a[538]      0.9997     1.0001
a[539]      1.0003     1.0026
a[54]       1.0005     1.0030
a[540]      1.0000     1.0011
a[541]      0.9996     0.9998
a[542]      1.0006     1.0033
a[543]      1.0001     1.0017
a[544]      1.0001     1.0003
a[545]      1.0003     1.0024
a[546]      1.0003     1.0022
a[547]      1.0006     1.0026
a[548]      1.0013     1.0046
a[549]      1.0017     1.0064
 [ reached getOption("max.print") -- omitted 630 rows ]

Multivariate psrf: 1.392

************* The Heidelberger-Welch diagnostic ************
Chain 1:
epsilon=0.1, alpha=0.05[1] "Error in if (converged <- !is.na(I) && pcramer(I) < 1 - pvalue) break : \n  missing value where TRUE/FALSE needed\n"
attr(,"class")
[1] "try-error"
attr(,"condition")
<simpleError in if (converged <- !is.na(I) && pcramer(I) < 1 - pvalue) break: missing value where TRUE/FALSE needed>

Chain 2:
epsilon=0.033, alpha=0.01[1] "Error in if (converged <- !is.na(I) && pcramer(I) < 1 - pvalue) break : \n  missing value where TRUE/FALSE needed\n"
attr(,"class")
[1] "try-error"
attr(,"condition")
<simpleError in if (converged <- !is.na(I) && pcramer(I) < 1 - pvalue) break: missing value where TRUE/FALSE needed>

Chain 3:
epsilon=0.075, alpha=0.05[1] "Error in if (converged <- !is.na(I) && pcramer(I) < 1 - pvalue) break : \n  missing value where TRUE/FALSE needed\n"
attr(,"class")
[1] "try-error"
attr(,"condition")
<simpleError in if (converged <- !is.na(I) && pcramer(I) < 1 - pvalue) break: missing value where TRUE/FALSE needed>

*************** The Raftery-Lewis diagnostic ***************
Chain 1:
Convergence eps = 0.001
Quantile (q) = 0.025
Accuracy (r) = +/- 0.005
Probability (s) = 0.95 

You need a sample size of at least 3746 with these values of q, r and s

Chain 2:
Convergence eps = 2e-04
Quantile (q) = 0.05
Accuracy (r) = +/- 0.005
Probability (s) = 0.9 

You need a sample size of at least 5141 with these values of q, r and s

Chain 3:
Convergence eps = 0.0025
Quantile (q) = 0.05
Accuracy (r) = +/- 0.001
Probability (s) = 0.9 

You need a sample size of at least 128514 with these values of q, r and s


Hi 

************* The Hellinger distance diagnostic ************
Between chains: 
            Min     Max
a[1]    0.03765 0.05923
a[10]   0.04746 0.05322
a[100]  0.04527 0.05408
a[101]  0.05847 0.07001
a[102]  0.04702 0.06002
a[103]  0.02497 0.03536
a[104]  0.03083 0.03920
a[105]  0.02809 0.04238
a[106]  0.03541 0.03944
a[107]  0.02358 0.04998
a[108]  0.03825 0.04536
a[109]  0.02747 0.05274
a[11]   0.03180 0.04122
a[110]  0.03080 0.04192
a[111]  0.03937 0.04944
a[112]  0.03209 0.04778
a[113]  0.03179 0.03500
a[114]  0.05028 0.06396
a[115]  0.03647 0.04068
a[116]  0.02988 0.04140
a[117]  0.03212 0.04658
a[118]  0.04012 0.07041
a[119]  0.03195 0.04845
a[12]   0.03908 0.04487
a[120]  0.02976 0.04943
a[121]  0.03429 0.04153
a[122]  0.04428 0.06384
a[123]  0.04250 0.06248
a[124]  0.03205 0.04472
a[125]  0.03197 0.04550
a[126]  0.03973 0.05611
a[127]  0.04054 0.04967
a[128]  0.04737 0.05821
a[129]  0.03315 0.04369
a[13]   0.03825 0.04625
a[130]  0.03223 0.04486
a[131]  0.02541 0.04067
a[132]  0.03600 0.05540
a[133]  0.03747 0.04751
a[134]  0.03732 0.05194
a[135]  0.03550 0.05061
a[136]  0.02987 0.03879
a[137]  0.03946 0.06090
a[138]  0.03400 0.05475
a[139]  0.02671 0.04408
a[14]   0.02632 0.03485
a[140]  0.04036 0.04466
a[141]  0.04191 0.06304
a[142]  0.01941 0.04084
a[143]  0.03598 0.04369
a[144]  0.04152 0.05717
a[145]  0.03902 0.05156
a[146]  0.03424 0.04544
a[147]  0.04405 0.04726
a[148]  0.03618 0.05234
a[149]  0.03524 0.04349
a[15]   0.03059 0.04554
a[150]  0.03665 0.05572
a[151]  0.03488 0.04336
a[152]  0.04458 0.05676
a[153]  0.03618 0.04425
a[154]  0.03951 0.05234
a[155]  0.03759 0.05100
a[156]  0.02961 0.03991
a[157]  0.02353 0.05488
a[158]  0.04588 0.05342
a[159]  0.03095 0.03910
a[16]   0.03692 0.05170
a[160]  0.02874 0.05640
a[161]  0.02677 0.04641
a[162]  0.03230 0.04653
a[163]  0.03959 0.05587
a[164]  0.03657 0.04458
a[165]  0.03694 0.06036
a[166]  0.02462 0.03421
a[167]  0.04011 0.04431
a[168]  0.04641 0.06640
a[169]  0.03550 0.05640
a[17]   0.03121 0.05084
a[170]  0.02998 0.04692
a[171]  0.03384 0.03705
a[172]  0.04484 0.05463
a[173]  0.03795 0.05263
a[174]  0.03054 0.04197
a[175]  0.03564 0.04141
a[176]  0.03189 0.05266
a[177]  0.03544 0.04097
a[178]  0.03602 0.05466
a[179]  0.03524 0.04440
a[18]   0.04564 0.05323
a[180]  0.03845 0.05459
a[181]  0.03637 0.04826
a[182]  0.04199 0.04896
a[183]  0.04485 0.05214
a[184]  0.02266 0.04200
a[185]  0.03078 0.04416
a[186]  0.03235 0.05919
a[187]  0.04080 0.04828
a[188]  0.03311 0.04430
a[189]  0.05157 0.06887
a[19]   0.03106 0.04952
a[190]  0.03341 0.04937
a[191]  0.03573 0.04648
a[192]  0.02925 0.03861
a[193]  0.04366 0.06758
a[194]  0.03703 0.04562
a[195]  0.04081 0.06657
a[196]  0.03547 0.05022
a[197]  0.04246 0.04970
a[198]  0.03390 0.04373
a[199]  0.03337 0.05624
a[2]    0.03654 0.05264
a[20]   0.04168 0.06591
a[200]  0.05051 0.05580
a[201]  0.03472 0.04494
a[202]  0.03334 0.03951
a[203]  0.03230 0.03403
a[204]  0.03668 0.05104
a[205]  0.04229 0.07100
a[206]  0.02802 0.04844
a[207]  0.02560 0.03963
a[208]  0.03742 0.04492
a[209]  0.03808 0.05444
a[21]   0.04015 0.05705
a[210]  0.04948 0.05985
a[211]  0.02679 0.04255
a[212]  0.03826 0.06135
a[213]  0.03259 0.06801
a[214]  0.03898 0.05212
a[215]  0.04308 0.04777
a[216]  0.02989 0.03969
a[217]  0.03240 0.04799
a[218]  0.03642 0.04911
a[219]  0.02720 0.05256
a[22]   0.03915 0.06172
a[220]  0.02989 0.05282
a[221]  0.04229 0.05115
a[222]  0.02835 0.03831
a[223]  0.02881 0.03784
a[224]  0.04764 0.05901
a[225]  0.03699 0.04289
a[226]  0.03788 0.05138
a[227]  0.03907 0.05509
a[228]  0.04880 0.05836
a[229]  0.03177 0.04619
a[23]   0.02989 0.05180
a[230]  0.03729 0.05103
a[231]  0.05110 0.05460
a[232]  0.04055 0.04121
a[233]  0.04785 0.06728
a[234]  0.04804 0.06725
a[235]  0.03860 0.04529
a[236]  0.02856 0.04718
a[237]  0.03476 0.05461
a[238]  0.03006 0.03858
a[239]  0.03004 0.05052
a[24]   0.04450 0.05282
a[240]  0.02918 0.03655
a[241]  0.03513 0.04000
a[242]  0.03007 0.04136
a[243]  0.03821 0.05091
a[244]  0.03766 0.04327
a[245]  0.03880 0.04725
a[246]  0.02763 0.05302
a[247]  0.03298 0.03540
a[248]  0.03099 0.03769
a[249]  0.03043 0.03717
a[25]   0.03446 0.04375
a[250]  0.03979 0.04778
a[251]  0.03513 0.05886
a[252]  0.02841 0.04483
a[253]  0.03233 0.03472
a[254]  0.03673 0.04451
a[255]  0.04014 0.04398
a[256]  0.01778 0.04900
a[257]  0.05146 0.05280
a[258]  0.03799 0.04211
a[259]  0.03236 0.04991
a[26]   0.05167 0.07206
a[260]  0.03036 0.04498
a[261]  0.03873 0.05397
a[262]  0.04209 0.06215
a[263]  0.04381 0.05846
a[264]  0.04463 0.04991
a[265]  0.03180 0.04083
a[266]  0.03702 0.03963
a[267]  0.04163 0.06230
a[268]  0.03025 0.05418
a[269]  0.03882 0.04310
a[27]   0.03926 0.05422
a[270]  0.04549 0.06447
a[271]  0.04538 0.05617
a[272]  0.03410 0.05136
a[273]  0.04336 0.06800
a[274]  0.03917 0.04400
a[275]  0.03857 0.04738
a[276]  0.03218 0.05546
a[277]  0.03601 0.05103
a[278]  0.04065 0.06160
a[279]  0.03196 0.05239
a[28]   0.02859 0.03585
a[280]  0.03059 0.04629
a[281]  0.04261 0.05271
a[282]  0.03447 0.05699
a[283]  0.03728 0.05737
a[284]  0.03628 0.04121
a[285]  0.03492 0.03909
a[286]  0.03162 0.04397
a[287]  0.04699 0.05229
a[288]  0.05718 0.05952
a[289]  0.04610 0.05599
a[29]   0.03490 0.04799
a[290]  0.04155 0.04425
a[291]  0.03764 0.04828
a[292]  0.03955 0.05050
a[293]  0.03282 0.06028
a[294]  0.04262 0.05085
a[295]  0.03914 0.05815
a[296]  0.04282 0.05813
a[297]  0.04413 0.05104
a[298]  0.03943 0.04773
a[299]  0.03556 0.06420
a[3]    0.03414 0.05223
a[30]   0.04337 0.06023
a[300]  0.04857 0.06236
a[301]  0.02253 0.05061
a[302]  0.03299 0.05129
a[303]  0.03498 0.04096
a[304]  0.03659 0.04177
a[305]  0.03638 0.04015
a[306]  0.03992 0.04359
a[307]  0.04416 0.05057
a[308]  0.02359 0.05325
a[309]  0.04483 0.04890
a[31]   0.04733 0.06533
a[310]  0.03840 0.05186
a[311]  0.02964 0.03724
a[312]  0.03846 0.05217
a[313]  0.03456 0.03883
a[314]  0.03370 0.04665
a[315]  0.03377 0.04035
a[316]  0.03515 0.04039
a[317]  0.03889 0.05358
a[318]  0.03066 0.04287
a[319]  0.03739 0.05264
a[32]   0.03414 0.04032
a[320]  0.03541 0.05035
a[321]  0.03684 0.03968
a[322]  0.04055 0.05827
a[323]  0.02929 0.04824
a[324]  0.02882 0.04938
a[325]  0.03819 0.05693
a[326]  0.03465 0.04523
a[327]  0.02364 0.03361
a[328]  0.03527 0.04216
a[329]  0.04497 0.05988
a[33]   0.02825 0.03559
a[330]  0.02692 0.04753
a[331]  0.02907 0.03656
a[332]  0.05103 0.05420
a[333]  0.02817 0.04146
a[334]  0.02584 0.05074
a[335]  0.03789 0.04646
a[336]  0.03926 0.04878
a[337]  0.03539 0.06489
a[338]  0.04342 0.05166
a[339]  0.03012 0.04252
a[34]   0.04554 0.05409
a[340]  0.03087 0.05285
a[341]  0.02888 0.04325
a[342]  0.03758 0.05812
a[343]  0.04272 0.05101
a[344]  0.03969 0.06079
a[345]  0.03138 0.04412
a[346]  0.04035 0.05660
a[347]  0.03936 0.04856
a[348]  0.03013 0.03596
a[349]  0.03417 0.05146
a[35]   0.02118 0.05104
a[350]  0.03398 0.04176
a[351]  0.04691 0.05903
a[352]  0.03521 0.03663
a[353]  0.03181 0.04141
a[354]  0.03410 0.04481
a[355]  0.03418 0.05376
a[356]  0.02982 0.05476
a[357]  0.03021 0.04624
a[358]  0.03523 0.03932
a[359]  0.03955 0.04924
a[36]   0.04921 0.07684
a[360]  0.04179 0.05755
a[361]  0.04296 0.04490
a[362]  0.02930 0.05438
a[363]  0.02963 0.04579
a[364]  0.03750 0.04665
a[365]  0.02990 0.04285
a[366]  0.03710 0.05071
a[367]  0.02910 0.04511
a[368]  0.02349 0.03990
a[369]  0.03437 0.05467
a[37]   0.02978 0.06656
a[370]  0.04174 0.05397
a[371]  0.02795 0.05555
a[372]  0.04665 0.06623
a[373]  0.01747 0.03938
a[374]  0.02594 0.03434
a[375]  0.04166 0.04202
a[376]  0.04090 0.04215
a[377]  0.04154 0.04687
a[378]  0.03854 0.04176
a[379]  0.04422 0.04857
a[38]   0.03045 0.04271
a[380]  0.03421 0.04612
a[381]  0.03314 0.04861
a[382]  0.03805 0.04706
a[383]  0.04482 0.05111
a[384]  0.04469 0.05741
a[385]  0.03278 0.05067
a[386]  0.02840 0.04454
a[387]  0.02953 0.03782
a[388]  0.04013 0.04995
a[389]  0.03593 0.05414
a[39]   0.03263 0.04377
a[390]  0.04536 0.04878
a[391]  0.03283 0.03850
a[392]  0.02865 0.04090
a[393]  0.03288 0.03783
a[394]  0.03758 0.05651
a[395]  0.03954 0.04344
a[396]  0.03747 0.04449
a[397]  0.03100 0.03931
a[398]  0.03456 0.04407
a[399]  0.04133 0.05762
a[4]    0.02879 0.04368
a[40]   0.03843 0.04455
a[400]  0.03037 0.03914
a[401]  0.03890 0.04811
a[402]  0.03953 0.05473
a[403]  0.03654 0.04937
a[404]  0.03801 0.05764
a[405]  0.04419 0.05289
a[406]  0.03336 0.04306
a[407]  0.04087 0.05033
a[408]  0.03888 0.05300
a[409]  0.03462 0.05449
a[41]   0.03770 0.04379
a[410]  0.03880 0.04643
a[411]  0.04142 0.05393
a[412]  0.05065 0.06586
a[413]  0.03659 0.05122
a[414]  0.03312 0.04257
a[415]  0.03529 0.04249
a[416]  0.02719 0.04501
a[417]  0.03307 0.03953
a[418]  0.05257 0.06671
a[419]  0.03881 0.05335
a[42]   0.04415 0.05363
a[420]  0.03049 0.04570
a[421]  0.03975 0.04353
a[422]  0.02813 0.03617
a[423]  0.03424 0.04819
a[424]  0.02769 0.04255
a[425]  0.03796 0.03965
a[426]  0.05273 0.05618
a[427]  0.02654 0.05384
a[428]  0.04425 0.06098
a[429]  0.03953 0.05367
a[43]   0.03732 0.05462
a[430]  0.04661 0.06356
a[431]  0.04993 0.05828
a[432]  0.04992 0.06550
a[433]  0.03015 0.04251
a[434]  0.02515 0.03053
a[435]  0.03813 0.04682
a[436]  0.03926 0.05307
a[437]  0.02693 0.04553
a[438]  0.04125 0.05799
a[439]  0.03057 0.05266
a[44]   0.03101 0.04051
a[440]  0.03674 0.04352
a[441]  0.03295 0.04648
a[442]  0.03272 0.06649
a[443]  0.03956 0.05355
a[444]  0.03775 0.06021
a[445]  0.03825 0.04540
a[446]  0.04218 0.05245
a[447]  0.03699 0.04839
a[448]  0.03347 0.04362
a[449]  0.03864 0.04223
a[45]   0.03829 0.07169
a[450]  0.03011 0.04306
a[451]  0.04045 0.05582
a[452]  0.03995 0.04400
a[453]  0.04743 0.05592
a[454]  0.04196 0.05188
a[455]  0.03152 0.04442
a[456]  0.03155 0.04760
a[457]  0.03283 0.04739
a[458]  0.03398 0.05551
a[459]  0.04300 0.05016
a[46]   0.03087 0.04675
a[460]  0.05310 0.06194
a[461]  0.02540 0.04470
a[462]  0.03458 0.04586
a[463]  0.04232 0.05098
a[464]  0.04879 0.06121
a[465]  0.03888 0.05176
a[466]  0.02583 0.04392
a[467]  0.03631 0.04872
a[468]  0.02715 0.04881
a[469]  0.03272 0.05667
a[47]   0.04106 0.04909
a[470]  0.03547 0.03736
a[471]  0.05747 0.06469
a[472]  0.02609 0.03891
a[473]  0.04495 0.05923
a[474]  0.02791 0.04117
a[475]  0.03936 0.04815
a[476]  0.04022 0.04802
a[477]  0.02354 0.03865
a[478]  0.03879 0.04696
a[479]  0.02920 0.04986
a[48]   0.02861 0.04502
a[480]  0.03270 0.03598
a[481]  0.04167 0.05768
a[482]  0.04315 0.05040
a[483]  0.03775 0.05364
a[484]  0.03489 0.05314
a[485]  0.03346 0.04177
a[486]  0.03545 0.04640
a[487]  0.03185 0.04446
a[488]  0.03527 0.04611
a[489]  0.03511 0.04865
a[49]   0.03311 0.04510
a[490]  0.04403 0.05527
a[491]  0.04729 0.06643
a[492]  0.04012 0.05214
a[493]  0.04203 0.05242
a[494]  0.03972 0.05319
a[495]  0.03104 0.05316
a[496]  0.02378 0.04328
a[497]  0.04264 0.05286
a[498]  0.03105 0.03703
a[499]  0.04694 0.05984
a[5]    0.03415 0.04578
a[50]   0.03933 0.05592
a[500]  0.03492 0.04885
a[501]  0.04329 0.06426
a[502]  0.02890 0.04856
a[503]  0.03677 0.04977
a[504]  0.03531 0.06020
a[505]  0.04083 0.05183
a[506]  0.02227 0.04103
a[507]  0.03561 0.05647
a[508]  0.03421 0.04222
a[509]  0.03480 0.04947
a[51]   0.02993 0.04970
a[510]  0.03953 0.04645
a[511]  0.04791 0.05933
a[512]  0.02830 0.03576
a[513]  0.04627 0.06192
a[514]  0.04051 0.04705
a[515]  0.04924 0.06188
a[516]  0.04092 0.04650
a[517]  0.04283 0.04659
a[518]  0.03532 0.05172
a[519]  0.03334 0.04138
a[52]   0.05099 0.05348
a[520]  0.03354 0.04812
a[521]  0.04529 0.05265
a[522]  0.03424 0.05627
a[523]  0.03202 0.05009
a[524]  0.04710 0.04798
a[525]  0.03859 0.04300
a[526]  0.04138 0.06200
a[527]  0.02881 0.03722
a[528]  0.04860 0.06107
a[529]  0.03936 0.05342
a[53]   0.03576 0.05139
a[530]  0.02511 0.03957
a[531]  0.03331 0.05348
a[532]  0.02796 0.04604
a[533]  0.03304 0.04094
a[534]  0.03646 0.05110
a[535]  0.02864 0.03896
a[536]  0.03993 0.05703
a[537]  0.03664 0.04272
a[538]  0.02471 0.04378
a[539]  0.04345 0.05456
a[54]   0.02835 0.04743
a[540]  0.03829 0.03960
a[541]  0.04470 0.05977
a[542]  0.02254 0.05267
a[543]  0.03052 0.04443
a[544]  0.04580 0.06082
a[545]  0.02932 0.05471
a[546]  0.04008 0.04888
a[547]  0.03720 0.05122
a[548]  0.04887 0.05373
a[549]  0.04231 0.04989
 [ reached getOption("max.print") -- omitted 630 rows ]

Within chain 1:
            200     400     600     800
a[1]    0.06234 0.07785 0.10007 0.07644
a[10]   0.10690 0.07621 0.07224 0.06415
a[100]  0.06271 0.03904 0.09359 0.05761
a[101]  0.11908 0.05484 0.05892 0.05414
a[102]  0.05997 0.06578 0.05807 0.08379
a[103]  0.04377 0.08500 0.06175 0.06865
a[104]  0.07900 0.06170 0.05704 0.08325
a[105]  0.04842 0.04772 0.04767 0.04416
a[106]  0.08639 0.06322 0.05057 0.08228
a[107]  0.07728 0.07401 0.08735 0.08575
a[108]  0.06569 0.05075 0.08923 0.07072
a[109]  0.05914 0.06568 0.06183 0.06385
a[11]   0.06325 0.06464 0.07163 0.06893
a[110]  0.07598 0.05940 0.08700 0.07987
a[111]  0.05038 0.06884 0.09367 0.05248
a[112]  0.05158 0.05608 0.04439 0.05903
a[113]  0.07609 0.07259 0.09116 0.08190
a[114]  0.07918 0.08794 0.05425 0.05336
a[115]  0.08000 0.04747 0.06258 0.04816
a[116]  0.04576 0.05643 0.06833 0.06035
a[117]  0.06392 0.06669 0.07624 0.04611
a[118]  0.08812 0.04665 0.04180 0.05909
a[119]  0.07596 0.07117 0.06775 0.05010
a[12]   0.06252 0.05935 0.05387 0.05483
a[120]  0.08159 0.06136 0.05509 0.06854
a[121]  0.09415 0.07894 0.05897 0.06020
a[122]  0.05137 0.06123 0.05232 0.05832
a[123]  0.04243 0.05528 0.06403 0.05922
a[124]  0.06834 0.06566 0.06464 0.04487
a[125]  0.05610 0.07680 0.07168 0.05206
a[126]  0.06778 0.06115 0.06640 0.09840
a[127]  0.05828 0.06004 0.09386 0.07005
a[128]  0.05943 0.04837 0.06346 0.04907
a[129]  0.08753 0.07481 0.05321 0.12198
a[13]   0.06129 0.07700 0.06321 0.05664
a[130]  0.05146 0.05600 0.06378 0.08319
a[131]  0.06796 0.05577 0.03832 0.07736
a[132]  0.08030 0.04326 0.08181 0.07070
a[133]  0.06238 0.05762 0.04849 0.06406
a[134]  0.05131 0.07501 0.05365 0.04145
a[135]  0.04699 0.06657 0.07682 0.08394
a[136]  0.05535 0.07879 0.06605 0.05812
a[137]  0.10416 0.06088 0.10389 0.07712
a[138]  0.06747 0.07559 0.07823 0.09422
a[139]  0.07673 0.06267 0.07655 0.09362
a[14]   0.08345 0.08227 0.06872 0.05337
a[140]  0.05014 0.06891 0.05602 0.06556
a[141]  0.06660 0.03497 0.04565 0.06712
a[142]  0.07874 0.04739 0.06856 0.05340
a[143]  0.07960 0.05427 0.05959 0.08016
a[144]  0.06662 0.08695 0.07444 0.09882
a[145]  0.09973 0.06363 0.05795 0.05514
a[146]  0.07722 0.05479 0.04886 0.05446
a[147]  0.06811 0.08412 0.07572 0.06075
a[148]  0.11398 0.04940 0.04785 0.04238
a[149]  0.06160 0.05219 0.07937 0.09013
a[15]   0.07479 0.07429 0.07238 0.12062
a[150]  0.06911 0.04853 0.07150 0.07317
a[151]  0.07925 0.06379 0.06773 0.04994
a[152]  0.06863 0.06799 0.04912 0.04721
a[153]  0.05505 0.03202 0.03627 0.04976
a[154]  0.05784 0.06959 0.05909 0.11212
a[155]  0.03733 0.06797 0.06876 0.09613
a[156]  0.05924 0.06577 0.06397 0.07925
a[157]  0.07963 0.07173 0.04980 0.06107
a[158]  0.05442 0.06119 0.06923 0.07573
a[159]  0.05614 0.06453 0.04611 0.06973
a[16]   0.09055 0.05276 0.07869 0.06724
a[160]  0.07221 0.07078 0.06341 0.06012
a[161]  0.08122 0.05035 0.05642 0.06003
a[162]  0.08537 0.09280 0.05497 0.07389
a[163]  0.09020 0.09532 0.06696 0.09764
a[164]  0.08971 0.04821 0.05140 0.04599
a[165]  0.06293 0.07647 0.07147 0.07101
a[166]  0.08056 0.08428 0.08276 0.10378
a[167]  0.05290 0.07220 0.07897 0.06460
a[168]  0.08950 0.04930 0.05128 0.05821
a[169]  0.08434 0.02795 0.06900 0.08667
a[17]   0.06683 0.04949 0.06093 0.06082
a[170]  0.10025 0.08012 0.05907 0.04846
a[171]  0.08825 0.07246 0.06815 0.06229
a[172]  0.09032 0.05258 0.04458 0.04751
a[173]  0.06388 0.07535 0.04851 0.07206
a[174]  0.06242 0.06430 0.06340 0.04826
a[175]  0.09996 0.08021 0.08865 0.03246
a[176]  0.05453 0.06352 0.06343 0.07881
a[177]  0.09365 0.07726 0.05920 0.05983
a[178]  0.08664 0.05986 0.05725 0.06301
a[179]  0.07377 0.05042 0.03591 0.07953
a[18]   0.07000 0.06422 0.03638 0.04500
a[180]  0.07519 0.04173 0.06167 0.06274
a[181]  0.05691 0.09151 0.05230 0.05962
a[182]  0.08179 0.07324 0.08373 0.06319
a[183]  0.05813 0.05608 0.06511 0.04409
a[184]  0.07394 0.07830 0.07258 0.05190
a[185]  0.06875 0.06691 0.05696 0.05987
a[186]  0.07463 0.04535 0.07514 0.07334
a[187]  0.09063 0.06387 0.04221 0.05716
a[188]  0.06951 0.06495 0.07281 0.07193
a[189]  0.04280 0.09394 0.04529 0.08443
a[19]   0.05574 0.09086 0.07966 0.05408
a[190]  0.06165 0.05916 0.05475 0.07154
a[191]  0.11364 0.05295 0.05544 0.05270
a[192]  0.10485 0.07805 0.08067 0.08215
a[193]  0.12923 0.05932 0.06869 0.08101
a[194]  0.09579 0.04848 0.06059 0.04817
a[195]  0.07204 0.08576 0.08014 0.08031
a[196]  0.06405 0.07766 0.07253 0.06897
a[197]  0.09089 0.07587 0.04180 0.05684
a[198]  0.05126 0.07758 0.06739 0.05119
a[199]  0.05642 0.08125 0.07058 0.07857
a[2]    0.07706 0.06243 0.05773 0.07165
a[20]   0.08789 0.08133 0.03835 0.05072
a[200]  0.07845 0.10066 0.09168 0.08715
a[201]  0.05465 0.08428 0.04202 0.07121
a[202]  0.06808 0.05113 0.04290 0.08071
a[203]  0.09105 0.03760 0.04470 0.05372
a[204]  0.03602 0.07000 0.04285 0.07013
a[205]  0.07451 0.05770 0.05928 0.05195
a[206]  0.06936 0.07339 0.04479 0.08758
a[207]  0.07873 0.08736 0.06351 0.05922
a[208]  0.06442 0.06808 0.06340 0.04820
a[209]  0.08392 0.09071 0.03913 0.05364
a[21]   0.07593 0.05375 0.07324 0.06594
a[210]  0.10243 0.07285 0.06921 0.06121
a[211]  0.09326 0.04857 0.10317 0.05669
a[212]  0.06763 0.02826 0.06234 0.04972
a[213]  0.06788 0.06655 0.05920 0.07450
a[214]  0.07092 0.07390 0.07299 0.06164
a[215]  0.06301 0.06147 0.07624 0.06658
a[216]  0.04305 0.05297 0.06170 0.07824
a[217]  0.05601 0.04595 0.08200 0.08210
a[218]  0.11517 0.04602 0.04691 0.05160
a[219]  0.09735 0.07890 0.03942 0.03914
a[22]   0.06930 0.05595 0.05711 0.07928
a[220]  0.06969 0.04682 0.07417 0.05234
a[221]  0.08516 0.07793 0.07330 0.05919
a[222]  0.07553 0.06384 0.08971 0.05777
a[223]  0.07883 0.08621 0.04785 0.05793
a[224]  0.04313 0.06987 0.06514 0.04782
a[225]  0.10740 0.04796 0.07083 0.05205
a[226]  0.08790 0.06288 0.02975 0.04531
a[227]  0.07630 0.06760 0.06571 0.08727
a[228]  0.06780 0.04684 0.04808 0.07742
a[229]  0.08122 0.05466 0.04842 0.07196
a[23]   0.11612 0.06635 0.05079 0.07211
a[230]  0.12169 0.10719 0.06114 0.06616
a[231]  0.10290 0.04278 0.06653 0.05906
a[232]  0.07930 0.07280 0.08338 0.07075
a[233]  0.08639 0.05740 0.05651 0.06101
a[234]  0.09354 0.05040 0.06594 0.05603
a[235]  0.04676 0.05453 0.05211 0.05162
a[236]  0.05533 0.07400 0.09568 0.05162
a[237]  0.09981 0.09968 0.08661 0.11581
a[238]  0.06355 0.06786 0.06903 0.03762
a[239]  0.07134 0.05184 0.05977 0.05909
a[24]   0.03268 0.06825 0.08445 0.06410
a[240]  0.06619 0.06859 0.05816 0.03935
a[241]  0.06368 0.08366 0.05844 0.07158
a[242]  0.07565 0.09119 0.09147 0.06702
a[243]  0.08174 0.06654 0.06482 0.08689
a[244]  0.04445 0.06832 0.06964 0.05991
a[245]  0.06169 0.08568 0.06695 0.08757
a[246]  0.07106 0.05128 0.04707 0.06918
a[247]  0.07488 0.04695 0.04358 0.04209
a[248]  0.07674 0.05957 0.05506 0.06194
a[249]  0.06012 0.04983 0.06653 0.04455
a[25]   0.05839 0.04923 0.05705 0.06987
a[250]  0.07510 0.07068 0.04002 0.06803
a[251]  0.07231 0.07293 0.06857 0.05466
a[252]  0.08759 0.05396 0.03572 0.04926
a[253]  0.11398 0.10010 0.06456 0.06919
a[254]  0.10281 0.09891 0.06123 0.06091
a[255]  0.06504 0.08233 0.07947 0.06303
a[256]  0.08592 0.05955 0.05279 0.06518
a[257]  0.06482 0.05825 0.06473 0.05973
a[258]  0.07926 0.05046 0.06794 0.07315
a[259]  0.06600 0.07085 0.07505 0.04602
a[26]   0.07644 0.05529 0.05782 0.08294
a[260]  0.07992 0.06309 0.03195 0.08760
a[261]  0.07301 0.09082 0.07325 0.04887
a[262]  0.04394 0.10820 0.06816 0.06597
a[263]  0.04873 0.10222 0.05588 0.05811
a[264]  0.04698 0.05592 0.08146 0.05331
a[265]  0.05451 0.05772 0.04945 0.05031
a[266]  0.05547 0.12433 0.06180 0.04872
a[267]  0.05744 0.10021 0.06275 0.07457
a[268]  0.05589 0.08337 0.08467 0.09028
a[269]  0.07141 0.07874 0.06297 0.03276
a[27]   0.05041 0.05266 0.10934 0.04733
a[270]  0.07717 0.06712 0.07171 0.05479
a[271]  0.09163 0.03155 0.11022 0.08874
a[272]  0.10887 0.06838 0.06317 0.05679
a[273]  0.06533 0.06025 0.06569 0.03946
a[274]  0.11110 0.09078 0.05395 0.11692
a[275]  0.04463 0.06814 0.10298 0.04588
a[276]  0.06820 0.05345 0.04812 0.06618
a[277]  0.10064 0.06689 0.07696 0.07027
a[278]  0.08466 0.05702 0.04188 0.06726
a[279]  0.06397 0.06801 0.05881 0.05446
a[28]   0.10145 0.09201 0.06210 0.04729
a[280]  0.07061 0.05836 0.10100 0.04462
a[281]  0.07308 0.06881 0.10215 0.03931
a[282]  0.10478 0.07753 0.08086 0.08203
a[283]  0.06780 0.04831 0.04348 0.07117
a[284]  0.05623 0.09762 0.06237 0.06741
a[285]  0.06085 0.04097 0.08136 0.06300
a[286]  0.06209 0.04132 0.09228 0.07409
a[287]  0.07855 0.06257 0.09009 0.05854
a[288]  0.11062 0.04011 0.05340 0.08834
a[289]  0.07793 0.05960 0.06033 0.07077
a[29]   0.05254 0.07885 0.04365 0.08500
a[290]  0.06643 0.05204 0.07167 0.06046
a[291]  0.05096 0.04831 0.04194 0.05538
a[292]  0.08880 0.07281 0.06179 0.06974
a[293]  0.05548 0.06857 0.11693 0.05672
a[294]  0.11680 0.04520 0.07026 0.06969
a[295]  0.06364 0.04719 0.08054 0.05530
a[296]  0.05641 0.04353 0.06452 0.05837
a[297]  0.07937 0.06695 0.03235 0.07004
a[298]  0.08233 0.05302 0.08556 0.07939
a[299]  0.05407 0.06926 0.07786 0.08776
a[3]    0.12240 0.09024 0.04939 0.06594
a[30]   0.07290 0.07406 0.06355 0.04781
a[300]  0.05721 0.06592 0.04104 0.03946
a[301]  0.08008 0.05982 0.03900 0.07401
a[302]  0.08948 0.05505 0.05177 0.04885
a[303]  0.06753 0.04192 0.07623 0.08339
a[304]  0.07119 0.06559 0.04822 0.08384
a[305]  0.08012 0.08654 0.08011 0.08569
a[306]  0.04145 0.06339 0.06247 0.05219
a[307]  0.10848 0.08222 0.05690 0.06824
a[308]  0.06451 0.06853 0.05348 0.05974
a[309]  0.08293 0.06283 0.05051 0.09529
a[31]   0.05942 0.02702 0.05687 0.06189
a[310]  0.03836 0.04752 0.04574 0.06599
a[311]  0.08102 0.08093 0.04509 0.07640
a[312]  0.04740 0.04186 0.07246 0.04949
a[313]  0.07092 0.09086 0.05976 0.05978
a[314]  0.07403 0.05730 0.09225 0.05396
a[315]  0.03744 0.07573 0.07731 0.04649
a[316]  0.05594 0.07272 0.08177 0.06603
a[317]  0.05715 0.05791 0.05094 0.04587
a[318]  0.09969 0.06240 0.05287 0.05910
a[319]  0.05800 0.05252 0.05976 0.07209
a[32]   0.09040 0.07361 0.07518 0.06738
a[320]  0.08700 0.08131 0.07425 0.11441
a[321]  0.06050 0.10669 0.04180 0.05025
a[322]  0.04559 0.05967 0.07442 0.06525
a[323]  0.05267 0.06813 0.06217 0.04439
 [ reached getOption("max.print") -- omitted 880 rows ]

Within chain 2:
            200     400     600     800
a[1]    0.05626 0.08856 0.06474 0.06966
a[10]   0.06629 0.05978 0.10502 0.08261
a[100]  0.07862 0.08615 0.06851 0.09554
a[101]  0.08527 0.06331 0.06164 0.05779
a[102]  0.03991 0.07176 0.05223 0.06399
a[103]  0.06050 0.04783 0.07014 0.08712
a[104]  0.05850 0.04360 0.08328 0.05622
a[105]  0.04085 0.07168 0.07041 0.05237
a[106]  0.06194 0.06874 0.07591 0.05516
a[107]  0.07948 0.07401 0.05545 0.06042
a[108]  0.07571 0.05728 0.07626 0.07926
a[109]  0.07911 0.07281 0.06560 0.05355
a[11]   0.05509 0.06819 0.07841 0.06276
a[110]  0.08260 0.08631 0.06711 0.06519
a[111]  0.07234 0.04837 0.05786 0.04478
a[112]  0.08206 0.05764 0.07636 0.04318
a[113]  0.08561 0.09327 0.05301 0.07369
a[114]  0.09482 0.09733 0.06802 0.05756
a[115]  0.06287 0.06756 0.07507 0.06720
a[116]  0.08282 0.05964 0.07701 0.04036
a[117]  0.10468 0.05620 0.06697 0.07177
a[118]  0.06511 0.04883 0.08288 0.04648
a[119]  0.07836 0.06338 0.05162 0.06220
a[12]   0.05929 0.05924 0.09312 0.05239
a[120]  0.07603 0.05791 0.07584 0.06199
a[121]  0.07577 0.04219 0.07571 0.05712
a[122]  0.03373 0.07814 0.05579 0.08003
a[123]  0.07955 0.07254 0.06986 0.06334
a[124]  0.08207 0.09117 0.06515 0.09373
a[125]  0.08005 0.06281 0.06475 0.08738
a[126]  0.09884 0.08658 0.07433 0.03034
a[127]  0.11871 0.05508 0.07367 0.06847
a[128]  0.04173 0.07501 0.06772 0.08339
a[129]  0.10196 0.07559 0.04917 0.06885
a[13]   0.06175 0.09437 0.08671 0.05811
a[130]  0.07037 0.05780 0.10502 0.08520
a[131]  0.09019 0.07316 0.06478 0.07978
a[132]  0.09376 0.08267 0.06888 0.09654
a[133]  0.08846 0.05761 0.03345 0.05767
a[134]  0.06934 0.05224 0.05820 0.07810
a[135]  0.06049 0.08463 0.05860 0.07243
a[136]  0.07200 0.07772 0.07829 0.06555
a[137]  0.05082 0.08980 0.08766 0.06782
a[138]  0.08399 0.05074 0.07869 0.05623
a[139]  0.12915 0.04944 0.07797 0.08247
a[14]   0.08455 0.07064 0.07193 0.05981
a[140]  0.08332 0.07217 0.06717 0.05344
a[141]  0.04778 0.05936 0.04876 0.05163
a[142]  0.08645 0.09140 0.04440 0.06671
a[143]  0.10026 0.06314 0.05890 0.08431
a[144]  0.07130 0.06490 0.07477 0.07360
a[145]  0.08764 0.06392 0.05654 0.06704
a[146]  0.05712 0.03580 0.04665 0.04828
a[147]  0.09504 0.04631 0.05852 0.08536
a[148]  0.08219 0.06261 0.09651 0.06953
a[149]  0.04212 0.11293 0.09712 0.06094
a[15]   0.06692 0.04859 0.06191 0.04294
a[150]  0.08467 0.09340 0.06188 0.04500
a[151]  0.06731 0.05785 0.07193 0.07995
a[152]  0.06857 0.04976 0.06840 0.09244
a[153]  0.11024 0.08311 0.05141 0.05829
a[154]  0.05914 0.06481 0.07224 0.05568
a[155]  0.07849 0.08176 0.05998 0.08647
a[156]  0.07904 0.04233 0.08168 0.08901
a[157]  0.07050 0.05303 0.05444 0.05837
a[158]  0.08173 0.05541 0.09206 0.06043
a[159]  0.09734 0.05463 0.05407 0.08168
a[16]   0.06657 0.08655 0.05757 0.08788
a[160]  0.05867 0.03783 0.07447 0.03647
a[161]  0.09649 0.09362 0.08931 0.03092
a[162]  0.08395 0.07067 0.05262 0.05831
a[163]  0.06642 0.05693 0.06366 0.05468
a[164]  0.07762 0.09081 0.09879 0.07153
a[165]  0.10383 0.06923 0.07053 0.05636
a[166]  0.08313 0.03697 0.08830 0.04315
a[167]  0.08030 0.04533 0.05909 0.07518
a[168]  0.08081 0.05710 0.07197 0.05071
a[169]  0.10212 0.05534 0.05616 0.05994
a[17]   0.09228 0.06169 0.07661 0.03882
a[170]  0.09192 0.04554 0.05371 0.04313
a[171]  0.06250 0.07266 0.09143 0.04308
a[172]  0.06808 0.06871 0.07846 0.09570
a[173]  0.04392 0.08568 0.08563 0.05980
a[174]  0.05662 0.04361 0.05154 0.07542
a[175]  0.06751 0.08333 0.05224 0.05228
a[176]  0.08655 0.04860 0.08685 0.06290
a[177]  0.06572 0.06410 0.07654 0.08308
a[178]  0.09532 0.07162 0.05613 0.04362
a[179]  0.10665 0.07652 0.05175 0.06515
a[18]   0.05718 0.05037 0.08624 0.05680
a[180]  0.05314 0.07895 0.08353 0.07357
a[181]  0.04552 0.05724 0.04633 0.05273
a[182]  0.09742 0.08858 0.04323 0.04390
a[183]  0.06132 0.06950 0.05894 0.04689
a[184]  0.06991 0.04468 0.04620 0.05637
a[185]  0.04351 0.07481 0.05582 0.04852
a[186]  0.04675 0.03826 0.06877 0.05770
a[187]  0.11594 0.05373 0.08843 0.06593
a[188]  0.04489 0.05051 0.05360 0.07640
a[189]  0.05350 0.09685 0.11821 0.07474
a[19]   0.06524 0.06120 0.06357 0.05500
a[190]  0.06102 0.07678 0.05007 0.10869
a[191]  0.09041 0.09539 0.07027 0.07709
a[192]  0.07944 0.06203 0.05495 0.06336
a[193]  0.04960 0.06624 0.04556 0.04834
a[194]  0.08877 0.04826 0.03284 0.06940
a[195]  0.07055 0.04829 0.08466 0.06127
a[196]  0.07214 0.04666 0.09065 0.05499
a[197]  0.05188 0.06814 0.09723 0.05854
a[198]  0.09376 0.06359 0.06539 0.08545
a[199]  0.05157 0.06138 0.05260 0.07528
a[2]    0.07242 0.09331 0.05177 0.07333
a[20]   0.04652 0.06475 0.09706 0.06444
a[200]  0.08365 0.07854 0.06600 0.07309
a[201]  0.06692 0.07250 0.06360 0.06288
a[202]  0.04370 0.04457 0.03624 0.05998
a[203]  0.10196 0.08934 0.07893 0.05620
a[204]  0.05702 0.08149 0.07242 0.09154
a[205]  0.08644 0.05145 0.06715 0.07064
a[206]  0.06213 0.06498 0.06195 0.08393
a[207]  0.08917 0.06331 0.05840 0.05162
a[208]  0.07518 0.08870 0.06518 0.07073
a[209]  0.07945 0.07943 0.04189 0.02382
a[21]   0.08704 0.06180 0.10607 0.07227
a[210]  0.06469 0.07612 0.06346 0.09040
a[211]  0.06811 0.06876 0.04527 0.08429
a[212]  0.08016 0.04572 0.05745 0.08118
a[213]  0.11853 0.05180 0.04860 0.05275
a[214]  0.07312 0.05154 0.09129 0.05611
a[215]  0.10364 0.08756 0.05386 0.08235
a[216]  0.10089 0.07524 0.05603 0.06135
a[217]  0.08649 0.10686 0.05764 0.03740
a[218]  0.07716 0.05294 0.07275 0.05953
a[219]  0.05060 0.09370 0.08884 0.09183
a[22]   0.05450 0.05254 0.06966 0.07441
a[220]  0.09253 0.07537 0.07652 0.04469
a[221]  0.06150 0.06748 0.06785 0.08121
a[222]  0.06940 0.06586 0.05595 0.03777
a[223]  0.07435 0.04465 0.05276 0.05447
a[224]  0.10683 0.10768 0.06114 0.07828
a[225]  0.11085 0.08855 0.05766 0.08790
a[226]  0.11491 0.10032 0.07911 0.07028
a[227]  0.06949 0.06319 0.09481 0.05167
a[228]  0.07707 0.03778 0.07599 0.05705
a[229]  0.05723 0.10797 0.06572 0.07426
a[23]   0.07566 0.06591 0.06741 0.09051
a[230]  0.04672 0.08551 0.04395 0.04022
a[231]  0.05945 0.06692 0.07135 0.03624
a[232]  0.08425 0.06807 0.05877 0.06421
a[233]  0.07967 0.08299 0.05773 0.03104
a[234]  0.09257 0.09103 0.08356 0.02474
a[235]  0.11448 0.08459 0.04232 0.05976
a[236]  0.04111 0.05130 0.07772 0.04978
a[237]  0.04452 0.09046 0.06595 0.05364
a[238]  0.07803 0.04925 0.05789 0.03417
a[239]  0.07122 0.07462 0.04046 0.07044
a[24]   0.04850 0.05987 0.04737 0.08548
a[240]  0.08057 0.07438 0.08448 0.04831
a[241]  0.09907 0.05539 0.07218 0.05262
a[242]  0.10434 0.06974 0.07832 0.05862
a[243]  0.02976 0.07196 0.06997 0.08216
a[244]  0.09521 0.06058 0.08571 0.04552
a[245]  0.06258 0.08081 0.04909 0.08317
a[246]  0.04282 0.10855 0.10946 0.04886
a[247]  0.04596 0.06406 0.07587 0.06121
a[248]  0.08734 0.06693 0.10030 0.05126
a[249]  0.06314 0.06596 0.09045 0.07963
a[25]   0.06632 0.08297 0.05381 0.06491
a[250]  0.08623 0.04020 0.05321 0.06748
a[251]  0.08818 0.08408 0.04944 0.07546
a[252]  0.08317 0.06982 0.06639 0.08381
a[253]  0.12570 0.07405 0.06852 0.08589
a[254]  0.10645 0.06398 0.07232 0.06799
a[255]  0.08709 0.08495 0.07575 0.06677
a[256]  0.06510 0.05106 0.08838 0.06450
a[257]  0.09559 0.08859 0.07358 0.06620
a[258]  0.10212 0.04999 0.10420 0.08012
a[259]  0.06199 0.02691 0.09688 0.06629
a[26]   0.12902 0.05469 0.05473 0.09725
a[260]  0.06147 0.06818 0.08980 0.06489
a[261]  0.05283 0.09926 0.06904 0.07940
a[262]  0.06103 0.07424 0.05734 0.07200
a[263]  0.08333 0.07401 0.06907 0.06039
a[264]  0.09819 0.07184 0.03264 0.06555
a[265]  0.08025 0.06637 0.09920 0.03525
a[266]  0.05908 0.05545 0.08524 0.06149
a[267]  0.06487 0.06480 0.07108 0.06635
a[268]  0.06549 0.04418 0.06940 0.02983
a[269]  0.08225 0.05057 0.05013 0.05753
a[27]   0.09009 0.07920 0.07018 0.02862
a[270]  0.08673 0.05077 0.10039 0.07279
a[271]  0.06399 0.06426 0.04715 0.04494
a[272]  0.07811 0.06854 0.10076 0.07292
a[273]  0.06605 0.05582 0.04886 0.06661
a[274]  0.08661 0.04823 0.04890 0.06019
a[275]  0.09634 0.07496 0.10394 0.06591
a[276]  0.07683 0.03207 0.07789 0.04303
a[277]  0.05184 0.06439 0.03894 0.03443
a[278]  0.05505 0.13053 0.08160 0.06738
a[279]  0.10984 0.08617 0.07012 0.04576
a[28]   0.03634 0.07285 0.05908 0.08050
a[280]  0.03717 0.08060 0.07183 0.07881
a[281]  0.08936 0.07310 0.07383 0.04998
a[282]  0.07433 0.07288 0.06527 0.06323
a[283]  0.06234 0.08015 0.08081 0.07633
a[284]  0.05374 0.09784 0.09881 0.06474
a[285]  0.08984 0.09907 0.08135 0.06037
a[286]  0.07244 0.09376 0.05237 0.06202
a[287]  0.08875 0.07253 0.04280 0.07065
a[288]  0.05847 0.05348 0.05380 0.06352
a[289]  0.05138 0.05248 0.11108 0.10212
a[29]   0.06544 0.05767 0.05869 0.05336
a[290]  0.14138 0.07022 0.05588 0.06051
a[291]  0.07248 0.05514 0.05151 0.07164
a[292]  0.07121 0.06622 0.06152 0.06350
a[293]  0.07644 0.06081 0.07184 0.04896
a[294]  0.08913 0.09164 0.08683 0.05696
a[295]  0.05992 0.05525 0.05584 0.08272
a[296]  0.10179 0.08730 0.03685 0.06395
a[297]  0.07825 0.03158 0.04149 0.04343
a[298]  0.05907 0.05332 0.05405 0.07096
a[299]  0.07480 0.05813 0.06654 0.06074
a[3]    0.11419 0.07785 0.06947 0.08470
a[30]   0.08413 0.09077 0.10139 0.05140
a[300]  0.04679 0.08010 0.05592 0.09518
a[301]  0.08549 0.05894 0.05859 0.06886
a[302]  0.07378 0.06880 0.04820 0.03792
a[303]  0.10113 0.09255 0.04322 0.08397
a[304]  0.04591 0.05463 0.06718 0.06546
a[305]  0.06910 0.07150 0.05092 0.08101
a[306]  0.06699 0.08692 0.06966 0.07615
a[307]  0.08456 0.07551 0.03982 0.03771
a[308]  0.08701 0.07309 0.03612 0.08852
a[309]  0.03710 0.11124 0.06305 0.08025
a[31]   0.08624 0.06667 0.04893 0.07022
a[310]  0.07424 0.08778 0.03763 0.08903
a[311]  0.05419 0.06523 0.08138 0.08768
a[312]  0.05598 0.08108 0.06274 0.07145
a[313]  0.04747 0.08128 0.07149 0.06312
a[314]  0.04989 0.06102 0.08853 0.06567
a[315]  0.05298 0.06597 0.05928 0.04852
a[316]  0.08237 0.05686 0.08121 0.06389
a[317]  0.06241 0.09121 0.08648 0.04741
a[318]  0.08786 0.07326 0.09103 0.06902
a[319]  0.07903 0.06539 0.05741 0.06359
a[32]   0.04602 0.06618 0.04637 0.08256
a[320]  0.05764 0.07220 0.06439 0.08090
a[321]  0.08532 0.05695 0.06439 0.07021
a[322]  0.04093 0.08809 0.05902 0.06239
a[323]  0.06103 0.06424 0.06280 0.07679
 [ reached getOption("max.print") -- omitted 880 rows ]

Within chain 3:
            200     400     600     800
a[1]    0.08815 0.06086 0.07740 0.07231
a[10]   0.05915 0.09773 0.04120 0.07509
a[100]  0.09376 0.03533 0.05721 0.08398
a[101]  0.06743 0.06474 0.11493 0.05541
a[102]  0.07605 0.07836 0.04635 0.04652
a[103]  0.07102 0.07845 0.06319 0.06974
a[104]  0.07161 0.04260 0.08181 0.05636
a[105]  0.03786 0.04950 0.06131 0.07991
a[106]  0.07187 0.08833 0.07802 0.06210
a[107]  0.04493 0.07202 0.05730 0.07681
a[108]  0.08449 0.07500 0.05240 0.06213
a[109]  0.05816 0.06224 0.03728 0.03693
a[11]   0.06382 0.08238 0.08476 0.12457
a[110]  0.07243 0.06427 0.06275 0.09452
a[111]  0.08941 0.05757 0.06106 0.05849
a[112]  0.06225 0.06714 0.08312 0.07479
a[113]  0.08108 0.06306 0.07609 0.04327
a[114]  0.06121 0.06446 0.07419 0.05258
a[115]  0.08718 0.10319 0.07092 0.09244
a[116]  0.07152 0.08828 0.04742 0.06415
a[117]  0.07123 0.08268 0.08013 0.06953
a[118]  0.06362 0.05604 0.05757 0.05518
a[119]  0.02763 0.05203 0.06438 0.07187
a[12]   0.10220 0.05180 0.07058 0.04994
a[120]  0.04357 0.05583 0.08470 0.05496
a[121]  0.06987 0.05786 0.10703 0.06176
a[122]  0.05340 0.06748 0.06994 0.05294
a[123]  0.09443 0.04975 0.09264 0.06577
a[124]  0.04066 0.07482 0.08955 0.07088
a[125]  0.09161 0.06411 0.05102 0.06884
a[126]  0.07483 0.08212 0.04578 0.05406
a[127]  0.06774 0.04988 0.07732 0.03729
a[128]  0.05012 0.07436 0.08239 0.05683
a[129]  0.06974 0.07296 0.07072 0.08468
a[13]   0.07142 0.06058 0.07071 0.07859
a[130]  0.07140 0.08720 0.06342 0.06464
a[131]  0.07173 0.05521 0.05244 0.06003
a[132]  0.05769 0.05704 0.05780 0.04806
a[133]  0.05613 0.10724 0.07865 0.03978
a[134]  0.07276 0.08023 0.09758 0.05819
a[135]  0.07311 0.05449 0.04244 0.04975
a[136]  0.07432 0.03221 0.05177 0.06826
a[137]  0.07054 0.05686 0.06750 0.05480
a[138]  0.07223 0.05849 0.07843 0.06031
a[139]  0.06313 0.07746 0.06399 0.07230
a[14]   0.07764 0.06224 0.06052 0.03816
a[140]  0.06690 0.06612 0.06589 0.06750
a[141]  0.05302 0.09045 0.03857 0.06380
a[142]  0.09707 0.06997 0.06671 0.05013
a[143]  0.04842 0.07993 0.06587 0.05570
a[144]  0.10736 0.03815 0.04986 0.07063
a[145]  0.06936 0.05542 0.07330 0.05278
a[146]  0.06851 0.06986 0.05532 0.07399
a[147]  0.10021 0.06566 0.09767 0.04112
a[148]  0.10045 0.07445 0.02681 0.06770
a[149]  0.05775 0.09226 0.06532 0.05328
a[15]   0.05714 0.06343 0.04719 0.10340
a[150]  0.05854 0.10091 0.05538 0.07451
a[151]  0.06797 0.05838 0.04545 0.06071
a[152]  0.03622 0.07862 0.02368 0.06367
a[153]  0.13374 0.07663 0.07860 0.07651
a[154]  0.06960 0.07819 0.04473 0.06379
a[155]  0.05632 0.09076 0.03909 0.06198
a[156]  0.08981 0.09738 0.07765 0.05797
a[157]  0.07522 0.07300 0.05120 0.04908
a[158]  0.09160 0.06905 0.06850 0.04596
a[159]  0.06266 0.07126 0.06586 0.05690
a[16]   0.07523 0.05458 0.04195 0.07979
a[160]  0.06481 0.06326 0.07659 0.09301
a[161]  0.07911 0.06417 0.11564 0.05688
a[162]  0.09650 0.06639 0.06707 0.03333
a[163]  0.07584 0.06536 0.08903 0.06746
a[164]  0.07780 0.07363 0.03164 0.04447
a[165]  0.06958 0.11616 0.06201 0.04886
a[166]  0.08696 0.07576 0.05829 0.06762
a[167]  0.07675 0.06669 0.06619 0.06370
a[168]  0.07076 0.06464 0.05184 0.07898
a[169]  0.07414 0.09535 0.05387 0.06539
a[17]   0.06417 0.09418 0.07334 0.05388
a[170]  0.07292 0.06779 0.06837 0.07276
a[171]  0.09757 0.06247 0.07461 0.06760
a[172]  0.07578 0.06085 0.06603 0.06459
a[173]  0.08738 0.09343 0.07096 0.05918
a[174]  0.06031 0.04730 0.04834 0.04882
a[175]  0.07526 0.05317 0.04839 0.03618
a[176]  0.04573 0.06135 0.09073 0.05329
a[177]  0.06503 0.06607 0.06119 0.06120
a[178]  0.07058 0.06377 0.06338 0.09083
a[179]  0.09924 0.09177 0.08338 0.09370
a[18]   0.05654 0.07073 0.09636 0.05083
a[180]  0.06353 0.11096 0.04113 0.05196
a[181]  0.06014 0.07187 0.05698 0.06296
a[182]  0.08520 0.06868 0.07844 0.05339
a[183]  0.06683 0.06110 0.07411 0.06138
a[184]  0.07314 0.06895 0.06016 0.05835
a[185]  0.09117 0.08251 0.08948 0.04501
a[186]  0.08346 0.08102 0.03937 0.08232
a[187]  0.03849 0.06065 0.04620 0.04204
a[188]  0.07519 0.08828 0.07287 0.09222
a[189]  0.07582 0.09872 0.07380 0.09512
a[19]   0.05405 0.05134 0.04812 0.04601
a[190]  0.05580 0.05584 0.07350 0.08614
a[191]  0.08625 0.08111 0.08574 0.04589
a[192]  0.06097 0.02890 0.04094 0.04533
a[193]  0.06642 0.05651 0.05560 0.03420
a[194]  0.05950 0.04525 0.05404 0.04537
a[195]  0.05809 0.07175 0.08778 0.08555
a[196]  0.07417 0.04736 0.04862 0.07684
a[197]  0.04875 0.05893 0.06691 0.07008
a[198]  0.06789 0.04590 0.09109 0.05936
a[199]  0.06161 0.05309 0.05333 0.05479
a[2]    0.06179 0.09826 0.06527 0.09316
a[20]   0.07145 0.06315 0.04636 0.05958
a[200]  0.08719 0.05501 0.05812 0.07981
a[201]  0.12489 0.08409 0.04127 0.04534
a[202]  0.11454 0.06425 0.09661 0.07697
a[203]  0.05579 0.06537 0.07066 0.07347
a[204]  0.09811 0.07909 0.06739 0.05310
a[205]  0.07906 0.07878 0.08367 0.04609
a[206]  0.06687 0.09077 0.07504 0.08085
a[207]  0.05510 0.07867 0.04803 0.07974
a[208]  0.04765 0.05045 0.05480 0.06357
a[209]  0.11029 0.05903 0.04360 0.05671
a[21]   0.02895 0.07661 0.06213 0.08289
a[210]  0.08836 0.07191 0.05977 0.04065
a[211]  0.07171 0.06490 0.07603 0.07253
a[212]  0.05889 0.06820 0.07215 0.07631
a[213]  0.09062 0.05072 0.07965 0.06888
a[214]  0.07934 0.05294 0.08173 0.08507
a[215]  0.06342 0.06903 0.04248 0.06959
a[216]  0.08979 0.07013 0.05103 0.05302
a[217]  0.05561 0.03540 0.07029 0.04072
a[218]  0.11375 0.08190 0.07338 0.07296
a[219]  0.06098 0.04523 0.07731 0.07344
a[22]   0.07284 0.06312 0.06977 0.06097
a[220]  0.08559 0.07535 0.07520 0.04491
a[221]  0.06101 0.07218 0.07223 0.08525
a[222]  0.05473 0.04697 0.05914 0.09426
a[223]  0.06081 0.08033 0.09320 0.05868
a[224]  0.08130 0.07036 0.05826 0.08670
a[225]  0.07664 0.06856 0.07697 0.05594
a[226]  0.08640 0.05482 0.05620 0.05805
a[227]  0.08106 0.06192 0.08878 0.05145
a[228]  0.06578 0.05038 0.05730 0.05237
a[229]  0.05885 0.06101 0.07068 0.08538
a[23]   0.09103 0.06459 0.07462 0.05615
a[230]  0.09568 0.05075 0.06436 0.06447
a[231]  0.10056 0.05702 0.05016 0.05839
a[232]  0.07310 0.07081 0.08487 0.08492
a[233]  0.12984 0.08761 0.06663 0.08401
a[234]  0.06906 0.05467 0.04433 0.06300
a[235]  0.08495 0.09119 0.08357 0.06012
a[236]  0.08055 0.03464 0.05307 0.06926
a[237]  0.07781 0.05300 0.07394 0.06324
a[238]  0.05424 0.06048 0.07065 0.07856
a[239]  0.04284 0.05863 0.07927 0.06689
a[24]   0.07086 0.08035 0.09302 0.06873
a[240]  0.08072 0.07561 0.09711 0.03857
a[241]  0.11179 0.05388 0.04017 0.06324
a[242]  0.04304 0.06594 0.06439 0.06999
a[243]  0.09936 0.10243 0.08660 0.05443
a[244]  0.06009 0.09816 0.05217 0.06955
a[245]  0.09151 0.09604 0.08054 0.06007
a[246]  0.08711 0.07677 0.04352 0.04977
a[247]  0.09861 0.07583 0.07480 0.07681
a[248]  0.06118 0.06706 0.05632 0.06857
a[249]  0.08075 0.06526 0.06083 0.06948
a[25]   0.04400 0.06578 0.08270 0.09063
a[250]  0.07832 0.03297 0.06155 0.06456
a[251]  0.09898 0.09391 0.04478 0.05627
a[252]  0.10780 0.09537 0.06043 0.03360
a[253]  0.05195 0.09608 0.05212 0.09297
a[254]  0.07338 0.09053 0.06022 0.03568
a[255]  0.04980 0.08698 0.05845 0.06357
a[256]  0.07938 0.06775 0.07105 0.03608
a[257]  0.07181 0.06516 0.05140 0.06470
a[258]  0.06640 0.07679 0.05873 0.06342
a[259]  0.08289 0.06311 0.07455 0.11610
a[26]   0.07356 0.06630 0.09358 0.07974
a[260]  0.06073 0.06453 0.07166 0.09410
a[261]  0.09522 0.07275 0.08149 0.07041
a[262]  0.06232 0.06799 0.04720 0.08449
a[263]  0.08279 0.10246 0.07629 0.05809
a[264]  0.05625 0.05166 0.04410 0.06581
a[265]  0.06159 0.05326 0.05266 0.07481
a[266]  0.08764 0.05219 0.07267 0.06106
a[267]  0.07446 0.03898 0.05313 0.05974
a[268]  0.08112 0.05877 0.05184 0.06724
a[269]  0.08966 0.08571 0.07151 0.06818
a[27]   0.07004 0.07144 0.02780 0.05293
a[270]  0.06656 0.07824 0.04361 0.07056
a[271]  0.07716 0.08587 0.08809 0.07216
a[272]  0.05196 0.05563 0.05221 0.06099
a[273]  0.08441 0.07050 0.06571 0.04828
a[274]  0.08864 0.04889 0.10177 0.06929
a[275]  0.06432 0.04926 0.08321 0.06565
a[276]  0.08024 0.05932 0.07533 0.09161
a[277]  0.10102 0.07450 0.06676 0.06244
a[278]  0.09231 0.04783 0.08061 0.05922
a[279]  0.08009 0.03986 0.08051 0.07225
a[28]   0.10118 0.09646 0.06669 0.06770
a[280]  0.09869 0.08204 0.08591 0.04771
a[281]  0.09771 0.05728 0.06139 0.08335
a[282]  0.08991 0.05753 0.06382 0.05783
a[283]  0.09725 0.06884 0.08416 0.07051
a[284]  0.06614 0.07839 0.04760 0.06735
a[285]  0.05817 0.05230 0.04312 0.08216
a[286]  0.06590 0.06151 0.06994 0.06350
a[287]  0.04344 0.05389 0.05691 0.07266
a[288]  0.04356 0.04998 0.07848 0.05940
a[289]  0.10261 0.06498 0.06552 0.06475
a[29]   0.09081 0.07662 0.06135 0.06282
a[290]  0.06859 0.07436 0.07160 0.05950
a[291]  0.09406 0.04506 0.04187 0.07436
a[292]  0.08867 0.06845 0.10749 0.06648
a[293]  0.07860 0.07681 0.05780 0.06923
a[294]  0.04954 0.07731 0.06295 0.03758
a[295]  0.09480 0.05653 0.06195 0.07230
a[296]  0.07041 0.07654 0.05107 0.04053
a[297]  0.09935 0.06430 0.04669 0.04777
a[298]  0.04906 0.08704 0.07922 0.10210
a[299]  0.08210 0.07170 0.06321 0.07950
a[3]    0.07969 0.08089 0.05902 0.06753
a[30]   0.12561 0.07071 0.10277 0.05578
a[300]  0.06585 0.07170 0.07120 0.06808
a[301]  0.06678 0.09710 0.05758 0.04780
a[302]  0.08261 0.06934 0.09697 0.04194
a[303]  0.07956 0.09473 0.03078 0.06192
a[304]  0.11270 0.07308 0.07307 0.07399
a[305]  0.05292 0.09429 0.04360 0.03755
a[306]  0.06365 0.06143 0.07068 0.06250
a[307]  0.07101 0.04128 0.10760 0.06893
a[308]  0.07637 0.03438 0.03738 0.07185
a[309]  0.07602 0.06879 0.05901 0.06721
a[31]   0.05661 0.05926 0.06628 0.09911
a[310]  0.08257 0.06352 0.04508 0.05810
a[311]  0.08742 0.06593 0.05056 0.07117
a[312]  0.09458 0.07726 0.06809 0.11889
a[313]  0.06933 0.07848 0.04755 0.04936
a[314]  0.08655 0.07649 0.05828 0.06412
a[315]  0.08370 0.08831 0.04467 0.05423
a[316]  0.07283 0.03558 0.05764 0.05838
a[317]  0.07810 0.09195 0.08126 0.06908
a[318]  0.05160 0.07987 0.04460 0.05303
a[319]  0.03846 0.05937 0.07618 0.06685
a[32]   0.09637 0.05859 0.06355 0.06460
a[320]  0.05639 0.04135 0.10063 0.10953
a[321]  0.09799 0.05886 0.06019 0.07844
a[322]  0.06040 0.06685 0.07580 0.07351
a[323]  0.04559 0.06702 0.06545 0.05459
 [ reached getOption("max.print") -- omitted 880 rows ]

